timestamp_unix,timestamp_readable,temp_c,accel_x,accel_y,accel_z,gyro_x,gyro_y,gyro_z,mag_x,mag_y,mag_z,heading
1749734850.6332395,2025-06-12 20:27:30.633,31.111720130589752,0.41898529052734373,7.37414111328125,15.160084912109374,8.290076335877863,26.50381679389313,-7.900763358778626,6.036328125,52.8984375,-63.178124999999994,
1749734850.6489031,2025-06-12 20:27:30.648,31.543025728576993,-5.480327600097656,-3.5817256835937497,11.049240661621093,-6.213740458015267,-11.900763358778626,-17.221374045801525,6.2138671875,52.3623046875,-63.3498046875,
1749734850.6643724,2025-06-12 20:27:30.664,31.111720130589752,-2.6312276245117188,1.24498486328125,3.5889082885742187,18.328244274809162,-75.87786259541984,1.7099236641221374,7.4566406249999995,53.61328125,-63.521484375,
1749734850.678313,2025-06-12 20:27:30.678,31.111720130589752,-8.844180932617187,4.668693237304687,-0.2609679809570312,2.366412213740458,-13.206106870229007,-4.572519083969466,5.8587890625,54.1494140625,-65.7533203125,
1749734850.6931658,2025-06-12 20:27:30.693,31.111720130589752,-5.3007624755859375,-3.507505432128906,18.23364129333496,32.82442748091603,1.7404580152671756,-6.458015267175573,7.1015625,51.46875,-65.23828125,
1749734850.7076142,2025-06-12 20:27:30.707,30.34495462305688,3.246537451171875,1.8411410766601561,9.749189160156249,-12.755725190839694,51.3206106870229,0.6259541984732825,6.9240234375,52.3623046875,-63.693164062499996,
1749734850.7222877,2025-06-12 20:27:30.722,31.111720130589752,-2.9496564453125,7.829039428710937,5.568913061523437,-7.526717557251908,-72.58015267175573,1.3206106870229009,7.1015625,52.8984375,-63.521484375,
1749734850.7385414,2025-06-12 20:27:30.738,30.249108934615272,-19.52471453857422,-5.137956762695312,5.7700260009765625,2.6717557251908395,-55.16030534351145,-15.49618320610687,7.279101562499999,50.9326171875,-64.0365234375,
1749734850.7538793,2025-06-12 20:27:30.753,31.111720130589752,-13.673285681152343,0.5099649536132812,3.3638533325195312,0.8320610687022901,-13.442748091603054,3.6717557251908395,6.9240234375,53.4345703125,-63.693164062499996,
1749734850.7722845,2025-06-12 20:27:30.772,31.20756581903136,-12.457031237792968,-6.766013891601562,19.61270144958496,23.03053435114504,-78.18320610687023,13.931297709923664,8.3443359375,52.0048828125,-63.693164062499996,
1749734850.7883646,2025-06-12 20:27:30.788,31.01587444214814,-6.301538769531249,8.59997236328125,1.0630255371093749,-3.1068702290076335,-61.282442748091604,17.450381679389313,6.036328125,53.255859375,-64.5515625,
1749734850.8033693,2025-06-12 20:27:30.803,31.255488663252166,-7.934384301757812,1.9129671264648436,5.054159704589844,7.679389312977099,-40.656488549618324,-15.603053435114504,7.81171875,53.970703125,-62.148046875,
1749734850.817975,2025-06-12 20:27:30.817,31.686794261239406,8.449137658691406,-3.6176387084960937,19.61270144958496,16.908396946564885,42.954198473282446,0.37404580152671757,6.39140625,52.541015625,-63.521484375,
1749734850.8325431,2025-06-12 20:27:30.832,31.6388714170186,1.637633935546875,2.365471240234375,8.645462194824217,9.267175572519085,-10.16030534351145,-0.48854961832061067,8.3443359375,54.5068359375,-63.0064453125,
1749734850.847107,2025-06-12 20:27:30.847,31.111720130589752,9.991003527832031,-2.592920397949219,16.577452294921873,-5.534351145038168,-107.8473282442748,-1.4961832061068703,6.39140625,51.46875,-62.834765624999996,
1749734850.8617904,2025-06-12 20:27:30.861,31.111720130589752,-14.094665173339843,1.01514150390625,4.92247861328125,12.900763358778626,3.7480916030534353,-7.32824427480916,9.0544921875,52.0048828125,-64.3798828125,
1749734850.8763337,2025-06-12 20:27:30.876,31.30341150747297,-0.33758243408203126,1.5107412475585937,2.185906115722656,10.061068702290076,3.7480916030534353,1.5954198473282444,8.699414062499999,53.0771484375,-64.0365234375,
1749734850.8928595,2025-06-12 20:27:30.892,31.01587444214814,6.64630380859375,-1.3335703247070312,19.385850842285155,27.106870229007633,88.10687022900764,7.229007633587786,6.9240234375,50.5751953125,-63.3498046875,
1749734850.9075987,2025-06-12 20:27:30.907,31.30341150747297,11.949460485839843,5.327098693847656,12.94065997314453,0.022900763358778626,-4.969465648854962,12.916030534351146,7.1015625,53.61328125,-63.521484375,
1749734850.922239,2025-06-12 20:27:30.922,31.01587444214814,-8.489839086914062,-4.745307690429687,13.998897106933592,-2.16793893129771,16.587786259541986,1.7251908396946565,6.2138671875,52.7197265625,-62.6630859375,
1749734850.9368129,2025-06-12 20:27:30.936,31.111720130589752,12.234370483398436,4.745307690429687,17.207127331542967,17.267175572519083,7.435114503816794,-0.9236641221374046,6.39140625,52.8984375,-62.148046875,
1749734850.951419,2025-06-12 20:27:30.951,31.255488663252166,-16.701950781249998,-3.6272155151367187,-9.042899670410156,23.51145038167939,-72.54198473282443,-7.564885496183206,8.521875,52.18359375,-63.521484375,
1749734850.96593,2025-06-12 20:27:30.965,31.30341150747297,-9.366116894531249,-6.8593877563476555,19.61270144958496,2.145038167938931,56.221374045801525,16.870229007633586,7.1015625,52.18359375,-62.834765624999996,
1749734850.980592,2025-06-12 20:27:30.980,31.20756581903136,8.999804040527343,3.4524387939453125,9.442731347656249,7.0,1.5267175572519085,16.236641221374047,8.3443359375,52.0048828125,-63.3498046875,81.97636849343193
1749734851.001824,2025-06-12 20:27:31.001,31.20756581903136,1.0941501586914062,-5.494692810058593,13.953407275390624,-8.664122137404581,-58.57251908396947,-9.396946564885496,7.4566406249999995,53.61328125,-62.148046875,
1749734851.0178928,2025-06-12 20:27:31.017,31.255488663252166,-0.1197100830078125,-3.1579519897460937,16.8168724609375,-2.7099236641221376,40.44274809160305,-12.13740458015267,6.5689453124999995,50.9326171875,-64.72324218749999,
1749734851.0328689,2025-06-12 20:27:31.032,31.20756581903136,-12.959813586425781,-3.797203833007812,7.783549597167968,4.122137404580153,16.595419847328245,-15.045801526717558,8.166796875,52.18359375,-64.208203125,
1749734851.0475106,2025-06-12 20:27:31.047,31.255488663252166,2.6695348510742187,-7.970297326660156,17.662025646972655,3.8702290076335877,-14.435114503816793,3.366412213740458,7.279101562499999,50.9326171875,-63.693164062499996,
1749734851.0619378,2025-06-12 20:27:31.061,31.30341150747297,-0.062249243164062495,5.935225915527344,2.446874096679687,22.0381679389313,28.045801526717558,-2.1068702290076335,7.279101562499999,52.0048828125,-63.693164062499996,
1749734851.0766144,2025-06-12 20:27:31.076,31.01587444214814,-5.111620544433594,0.22266075439453123,-1.8004396484374998,3.8625954198473282,-10.32824427480916,-1.8702290076335877,7.1015625,52.18359375,-63.178124999999994,
1749734851.091173,2025-06-12 20:27:31.091,31.686794261239406,-2.798821740722656,-5.128379956054687,12.399570397949217,10.740458015267176,15.83969465648855,1.297709923664122,7.81171875,51.111328125,-62.148046875,80.03423580823316
1749734851.11165,2025-06-12 20:27:31.111,31.39925719591458,3.303998291015625,2.1404162841796874,6.497863305664062,3.8396946564885495,41.343511450381676,2.732824427480916,6.9240234375,54.1494140625,-64.0365234375,
1749734851.1265187,2025-06-12 20:27:31.126,31.20756581903136,-3.1100679565429687,-3.1603461914062496,12.46900224609375,18.47328244274809,-103.96946564885496,11.01526717557252,8.876953125,52.541015625,-64.208203125,
1749734851.1412275,2025-06-12 20:27:31.141,31.30341150747297,-6.440402465820312,2.2936451904296873,-1.9656395629882812,12.549618320610687,-19.50381679389313,-3.3206106870229006,6.9240234375,53.0771484375,-63.693164062499996,
1749734851.1556256,2025-06-12 20:27:31.155,31.686794261239406,-4.80755693359375,-0.6751648681640625,3.438073583984375,4.221374045801527,-24.87786259541985,4.259541984732825,5.5037109375,52.7197265625,-63.0064453125,
1749734851.1702452,2025-06-12 20:27:31.170,31.447180040135382,-19.507955126953124,-3.976768957519531,17.44894169921875,11.320610687022901,-77.85496183206106,8.114503816793894,6.9240234375,50.9326171875,-63.0064453125,
1749734851.1847346,2025-06-12 20:27:31.184,31.447180040135382,-14.051569543457031,9.789890588378906,9.938331091308592,7.900763358778626,21.984732824427482,15.48091603053435,6.39140625,51.826171875,-62.49140625,
1749734851.1991544,2025-06-12 20:27:31.199,31.111720130589752,17.69075606689453,-1.139639990234375,13.520056774902343,-13.473282442748092,-9.435114503816793,-7.862595419847328,8.521875,51.111328125,-63.521484375,
1749734851.2136369,2025-06-12 20:27:31.213,31.39925719591458,-9.133879333496093,-3.84987626953125,10.366893188476562,23.801526717557252,-12.106870229007633,-9.419847328244275,8.166796875,51.826171875,-63.178124999999994,
1749734851.2303739,2025-06-12 20:27:31.230,31.543025728576993,1.438915197753906,7.094019519042968,6.653486413574218,1.5801526717557253,15.633587786259541,0.3893129770992366,6.39140625,52.8984375,-63.521484375,
1749734851.2450993,2025-06-12 20:27:31.245,31.39925719591458,1.4030021728515625,-7.213729602050781,12.72997022705078,29.244274809160306,-15.206106870229007,-11.709923664122137,7.4566406249999995,51.46875,-63.86484375,
1749734851.2596474,2025-06-12 20:27:31.259,31.30341150747297,11.156979736328124,5.046977099609375,8.726865051269531,-10.106870229007633,34.83206106870229,-2.6030534351145036,9.587109374999999,53.61328125,-64.894921875,
1749734851.274326,2025-06-12 20:27:31.274,31.063797286368946,5.42047255859375,0.5817910034179687,15.16906316833496,-28.923664122137403,-137.73282442748092,2.801526717557252,6.2138671875,54.1494140625,-62.6630859375,
1749734851.2887988,2025-06-12 20:27:31.288,31.447180040135382,-8.427589843749999,-10.529698901367187,4.398148449707031,9.633587786259541,2.1603053435114505,3.4122137404580153,7.1015625,51.111328125,-63.521484375,
1749734851.3032897,2025-06-12 20:27:31.303,31.30341150747297,4.764461303710937,-1.7214309936523438,10.754753857421875,8.801526717557252,32.32824427480916,6.0,8.166796875,52.541015625,-63.86484375,
1749734851.3175955,2025-06-12 20:27:31.317,31.447180040135382,-7.936778503417968,-6.282385156249999,8.884882360839843,-1.1450381679389312,-79.16793893129771,-5.419847328244275,6.036328125,51.111328125,-63.521484375,
1749734851.3318827,2025-06-12 20:27:31.331,31.447180040135382,14.982913989257812,3.517082238769531,9.849745629882811,-5.282442748091603,15.755725190839694,-12.213740458015268,6.5689453124999995,52.3623046875,-63.3498046875,
1749734851.3479898,2025-06-12 20:27:31.347,31.30341150747297,-10.105925207519531,1.8698714965820311,10.084377392578125,6.923664122137405,-24.14503816793893,-1.9312977099236641,7.1015625,53.970703125,-63.521484375,
1749734851.3624613,2025-06-12 20:27:31.362,31.20756581903136,-0.82360537109375,-7.905653881835937,15.751452722167969,6.969465648854962,6.3893129770992365,11.305343511450381,7.1015625,52.541015625,-62.834765624999996,81.10528973398523
1749734851.38085,2025-06-12 20:27:31.380,31.20756581903136,-12.351686364746094,10.848127722167968,-0.181959326171875,13.98473282442748,-8.870229007633588,-7.480916030534351,7.6341796875,52.3623046875,-64.0365234375,
1749734851.3952966,2025-06-12 20:27:31.395,31.39925719591458,4.503493322753906,-0.36152445068359373,7.201758593749999,19.015267175572518,-54.61832061068702,-12.15267175572519,7.6341796875,52.3623046875,-63.693164062499996,
1749734851.409576,2025-06-12 20:27:31.409,31.447180040135382,-6.794744311523437,-1.66636435546875,10.809820495605468,16.916030534351144,-26.80916030534351,-3.572519083969466,5.326171875,52.18359375,-63.178124999999994,
1749734851.4238768,2025-06-12 20:27:31.423,31.447180040135382,-12.933477368164061,4.070142822265625,3.105279553222656,11.183206106870228,58.11450381679389,-3.7938931297709924,7.4566406249999995,51.826171875,-63.178124999999994,
1749734851.4381263,2025-06-12 20:27:31.438,31.543025728576993,0.6392518432617187,-1.5921441040039062,15.16906316833496,-5.290076335877862,-43.06106870229008,-1.3053435114503817,5.6812499999999995,52.18359375,-64.894921875,
1749734851.4540267,2025-06-12 20:27:31.454,31.20756581903136,8.643067993164061,7.982268334960937,16.060304736328124,13.229007633587786,-29.66412213740458,0.8473282442748091,7.6341796875,52.0048828125,-62.6630859375,
1749734851.4691086,2025-06-12 20:27:31.469,31.111720130589752,-6.7803791015625,1.879448303222656,-2.3295582153320313,2.198473282442748,-9.916030534351146,-1.6793893129770991,6.2138671875,53.4345703125,-64.72324218749999,
1749734851.4834342,2025-06-12 20:27:31.483,31.447180040135382,-2.1068974609374997,-5.379771130371093,18.52154404296875,27.129770992366414,51.083969465648856,5.1679389312977095,5.8587890625,49.8603515625,-64.3798828125,
1749734851.497882,2025-06-12 20:27:31.497,31.30341150747297,-6.205770703124999,-3.2537200561523436,7.261613635253906,7.244274809160306,29.17557251908397,6.702290076335878,8.699414062499999,54.1494140625,-62.319726562499994,
1749734851.512308,2025-06-12 20:27:31.512,31.543025728576993,0.3327940307617187,2.5522189697265625,9.483432775878907,-0.2748091603053435,12.450381679389313,6.977099236641221,6.39140625,52.18359375,-63.521484375,
1749734851.5265398,2025-06-12 20:27:31.526,31.447180040135382,-9.234435803222656,-0.4836287353515625,15.35401524658203,12.893129770992367,5.694656488549619,3.519083969465649,7.6341796875,52.7197265625,-64.0365234375,
1749734851.5414717,2025-06-12 20:27:31.541,31.255488663252166,2.703053674316406,4.005499377441406,10.89840595703125,13.076335877862595,43.89312977099237,0.12213740458015267,7.279101562499999,53.7919921875,-63.0064453125,
1749734851.5561528,2025-06-12 20:27:31.556,31.447180040135382,-4.197035510253906,2.877830395507812,2.7748797241210936,7.0458015267175576,48.45038167938932,-1.8015267175572518,7.6341796875,50.5751953125,-63.693164062499996,
1749734851.5725882,2025-06-12 20:27:31.572,31.30341150747297,-5.331887097167969,1.2306196533203124,13.433865515136718,17.671755725190838,-9.587786259541986,-12.267175572519085,6.5689453124999995,52.3623046875,-63.0064453125,
1749734851.5871377,2025-06-12 20:27:31.587,31.447180040135382,-2.463633508300781,-0.8044517578125,14.286201306152343,-0.8625954198473282,51.900763358778626,-8.045801526717558,7.1015625,51.826171875,-64.208203125,
1749734851.6018786,2025-06-12 20:27:31.601,31.543025728576993,1.714248388671875,-4.745307690429687,19.61270144958496,-7.061068702290076,-9.877862595419847,-4.5038167938931295,6.5689453124999995,52.7197265625,-65.4099609375,
1749734851.6165454,2025-06-12 20:27:31.616,31.39925719591458,3.134009973144531,0.3495534423828125,11.066000073242186,10.702290076335878,44.57251908396947,17.34351145038168,6.036328125,53.61328125,-63.521484375,
1749734851.6309612,2025-06-12 20:27:31.630,31.39925719591458,-3.871424084472656,2.2170307373046874,2.2840683837890623,-4.755725190839694,-26.580152671755727,-9.030534351145038,7.81171875,53.255859375,-64.5515625,
1749734851.6456454,2025-06-12 20:27:31.645,31.20756581903136,7.3478048950195305,-4.0222587890625,19.61270144958496,25.282442748091604,30.923664122137403,4.091603053435114,6.9240234375,51.6474609375,-62.319726562499994,
1749734851.6602015,2025-06-12 20:27:31.660,31.255488663252166,-8.681375219726561,8.492233288574218,9.404424121093749,-19.748091603053435,-108.99236641221374,11.274809160305344,7.1015625,52.541015625,-63.521484375,
1749734851.6760478,2025-06-12 20:27:31.676,31.20756581903136,-15.921441040039062,-11.71482872314453,5.664681127929687,-1.8854961832061068,-7.229007633587786,-13.549618320610687,7.81171875,52.8984375,-61.8046875,
1749734851.6907086,2025-06-12 20:27:31.690,31.255488663252166,8.951920007324219,-0.28730419921875,18.890251098632813,-10.0,115.35114503816794,7.625954198473282,6.39140625,52.541015625,-63.178124999999994,
1749734851.7050576,2025-06-12 20:27:31.705,31.255488663252166,6.4643444824218745,4.759672900390624,4.917690209960937,-3.2595419847328246,-14.83206106870229,-0.04580152671755725,7.6341796875,53.0771484375,-62.6630859375,
1749734851.7193794,2025-06-12 20:27:31.719,31.255488663252166,-19.563021765136718,-3.2321722412109373,14.647725756835937,18.358778625954198,-30.862595419847327,2.83206106870229,7.81171875,51.111328125,-63.521484375,
1749734851.7338912,2025-06-12 20:27:31.733,31.20756581903136,6.710947253417968,11.671733093261718,14.580688110351561,1.183206106870229,107.44274809160305,2.5801526717557253,6.746484375,51.46875,-64.5515625,80.47388207583491
1749734851.7525678,2025-06-12 20:27:31.752,31.30341150747297,2.2170307373046874,2.971204260253906,15.339650036621093,1.6259541984732824,-47.44274809160305,-10.900763358778626,7.6341796875,50.9326171875,-64.72324218749999,
1749734851.7667315,2025-06-12 20:27:31.766,31.447180040135382,8.702923034667968,-5.566518859863281,16.64448994140625,12.114503816793894,5.977099236641221,-3.854961832061069,7.279101562499999,52.3623046875,-63.693164062499996,
1749734851.7810943,2025-06-12 20:27:31.781,31.447180040135382,-8.645462194824217,3.4620156005859375,2.272097375488281,3.854961832061069,-13.267175572519085,-9.694656488549619,7.9892578125,52.7197265625,-65.7533203125,
1749734851.796852,2025-06-12 20:27:31.796,31.6388714170186,1.0558429321289062,-3.277662072753906,19.61270144958496,4.9541984732824424,-18.641221374045802,-11.648854961832061,6.746484375,51.46875,-64.208203125,
1749734851.8112626,2025-06-12 20:27:31.811,31.6388714170186,4.529829541015625,0.4955997436523437,12.9095353515625,-4.297709923664122,-45.099236641221374,-4.198473282442748,8.699414062499999,52.0048828125,-63.693164062499996,
1749734851.8255794,2025-06-12 20:27:31.825,31.20756581903136,-13.086706274414063,-4.7931917236328125,-3.23696064453125,1.6564885496183206,17.106870229007633,-8.122137404580153,6.036328125,53.61328125,-63.86484375,
1749734851.8399117,2025-06-12 20:27:31.839,31.20756581903136,8.130708837890625,-2.3726538452148436,19.61270144958496,8.17557251908397,-25.870229007633586,4.541984732824427,7.6341796875,52.0048828125,-64.3798828125,
1749734851.854187,2025-06-12 20:27:31.854,31.39925719591458,-12.662932580566405,-5.0206408813476555,1.85790048828125,21.80916030534351,7.702290076335878,5.022900763358779,6.39140625,52.541015625,-64.5515625,
1749734851.868597,2025-06-12 20:27:31.868,31.30341150747297,-13.148955517578123,0.833182177734375,-0.5626373901367188,-0.549618320610687,-13.793893129770993,0.1450381679389313,9.23203125,54.328125,-62.148046875,
1749734851.8834355,2025-06-12 20:27:31.883,31.447180040135382,9.773131176757811,-0.967257470703125,18.356344128417966,40.13740458015267,20.251908396946565,6.969465648854962,7.279101562499999,50.9326171875,-64.72324218749999,82.94482319087993
1749734851.9036877,2025-06-12 20:27:31.903,31.543025728576993,-5.84185205078125,-1.656787548828125,7.326257080078125,-5.427480916030534,4.5038167938931295,2.8091603053435112,6.9240234375,52.7197265625,-64.0365234375,
1749734851.9185042,2025-06-12 20:27:31.918,31.39925719591458,1.9321207397460936,-2.8610709838867185,19.603723193359375,14.67175572519084,40.31297709923664,6.931297709923665,6.9240234375,52.3623046875,-62.6630859375,
1749734851.9330778,2025-06-12 20:27:31.933,31.255488663252166,-9.572018237304688,3.066972326660156,3.0741549316406247,14.122137404580153,-0.03816793893129771,-0.03816793893129771,7.1015625,52.8984375,-63.86484375,
1749734851.9475422,2025-06-12 20:27:31.947,31.6388714170186,-7.304709265136719,3.725377783203125,0.5315127685546874,10.80916030534351,3.0229007633587788,-6.587786259541985,7.4566406249999995,53.61328125,-63.521484375,
1749734851.961957,2025-06-12 20:27:31.961,31.255488663252166,3.038241906738281,-0.9792284790039062,19.61270144958496,22.419847328244273,24.64885496183206,2.0916030534351147,7.9892578125,52.3623046875,-62.319726562499994,
1749734851.9762723,2025-06-12 20:27:31.976,31.447180040135382,-2.906560815429687,6.701370446777343,9.26316622314453,-2.3893129770992365,-31.31297709923664,3.236641221374046,6.39140625,51.826171875,-63.86484375,
1749734851.990701,2025-06-12 20:27:31.990,31.30341150747297,-8.604760766601562,-0.07900865478515624,-0.3136404174804687,-1.6412213740458015,-44.25190839694657,-12.083969465648854,6.5689453124999995,52.3623046875,-63.693164062499996,
1749734852.005425,2025-06-12 20:27:32.005,31.255488663252166,1.005564697265625,-6.265625744628906,15.109806677246093,10.511450381679388,-5.687022900763359,-1.366412213740458,5.1486328125,52.0048828125,-63.0064453125,
1749734852.021675,2025-06-12 20:27:32.021,31.39925719591458,-9.655815295410155,-1.6112977172851561,6.418854650878906,5.488549618320611,-21.702290076335878,4.465648854961832,6.9240234375,53.0771484375,-63.693164062499996,
1749734852.035989,2025-06-12 20:27:32.035,31.255488663252166,-4.129997863769531,-3.3973721557617185,15.612589025878906,34.274809160305345,16.99236641221374,-11.290076335877863,6.9240234375,50.5751953125,-64.3798828125,
1749734852.0503957,2025-06-12 20:27:32.050,31.447180040135382,-3.5697546752929687,0.4836287353515625,-0.7829039428710937,6.404580152671755,-20.595419847328245,-6.977099236641221,5.8587890625,51.6474609375,-63.3498046875,
1749734852.0648215,2025-06-12 20:27:32.064,31.30341150747297,-9.483432775878907,-0.3327940307617187,5.312733483886719,-4.450381679389313,-1.0687022900763359,-4.259541984732825,7.81171875,52.18359375,-63.178124999999994,
1749734852.0793552,2025-06-12 20:27:32.079,31.447180040135382,2.023100402832031,2.597708801269531,17.745822705078123,7.374045801526718,-49.38167938931298,7.862595419847328,7.1015625,52.541015625,-63.178124999999994,
1749734852.0937371,2025-06-12 20:27:32.093,31.30341150747297,-11.719617126464843,4.563348364257812,2.308010400390625,19.076335877862597,36.37404580152672,-0.5190839694656488,7.4566406249999995,52.8984375,-64.208203125,
1749734852.1081147,2025-06-12 20:27:32.108,32.07017701500584,7.589619262695312,0.9313444458007812,17.290924389648435,-3.2595419847328246,51.458015267175576,1.5419847328244274,8.166796875,51.826171875,-63.521484375,
1749734852.122352,2025-06-12 20:27:32.122,31.255488663252166,-1.70467158203125,-3.3710359375,7.003039855957031,15.549618320610687,-114.6793893129771,-1.1755725190839694,7.81171875,51.826171875,-62.49140625,
1749734852.1390538,2025-06-12 20:27:32.139,32.357714080330666,-14.956577770996093,-3.7229835815429686,-2.1212626708984375,-2.2977099236641223,-3.8473282442748094,-1.015267175572519,7.6341796875,52.3623046875,-62.319726562499994,
1749734852.152658,2025-06-12 20:27:32.152,31.447180040135382,-11.549628808593749,-1.0821791503906248,14.46097802734375,13.84732824427481,-20.923664122137403,-3.969465648854962,8.521875,51.826171875,-64.894921875,
1749734852.165739,2025-06-12 20:27:32.165,31.30341150747297,5.724536169433593,5.492298608398437,11.702857714843748,-4.2748091603053435,4.786259541984733,8.17557251908397,6.9240234375,51.2900390625,-62.6630859375,
1749734852.1788108,2025-06-12 20:27:32.178,31.543025728576993,-6.957550024414062,1.189918225097656,0.40222587890625,-1.6106870229007633,-32.267175572519086,-7.091603053435114,7.81171875,53.255859375,-63.521484375,
1749734852.1914058,2025-06-12 20:27:32.191,31.39925719591458,1.5035586425781249,-4.534617944335937,17.77395457458496,7.587786259541985,-80.03053435114504,-8.389312977099237,,,,82.31169686723078
1749734852.2036624,2025-06-12 20:27:32.203,31.6388714170186,6.687005236816406,-0.948103857421875,7.211335400390625,7.961832061068702,-40.10687022900763,-6.8396946564885495,5.8587890625,52.3623046875,-62.6630859375,
1749734852.215713,2025-06-12 20:27:32.215,31.39925719591458,-1.35990654296875,4.786009118652344,9.392453112792968,2.3893129770992365,-9.17557251908397,3.66412213740458,6.2138671875,54.1494140625,-63.693164062499996,
1749734852.2277806,2025-06-12 20:27:32.227,31.30341150747297,6.004657763671875,1.2832920898437499,14.49210264892578,0.2824427480916031,-66.80152671755725,5.3816793893129775,6.746484375,53.61328125,-62.148046875,
1749734852.240345,2025-06-12 20:27:32.240,31.447180040135382,3.0885201416015624,1.4700398193359374,14.738705419921875,27.061068702290076,59.603053435114504,-6.0534351145038165,6.746484375,51.46875,-65.23828125,
1749734852.2525232,2025-06-12 20:27:32.252,32.02225417078503,-5.003881469726562,6.040570788574218,9.208099584960937,16.603053435114504,61.35114503816794,-3.6564885496183206,7.279101562499999,52.7197265625,-64.0365234375,
1749734852.264555,2025-06-12 20:27:32.264,31.30341150747297,-14.68363878173828,-1.4963760375976562,-2.8754361938476563,9.068702290076336,-21.549618320610687,-2.6564885496183206,8.876953125,53.970703125,-62.834765624999996,
1749734852.2766614,2025-06-12 20:27:32.276,31.590948572797796,1.599326708984375,-4.2880151733398435,19.61270144958496,35.7557251908397,15.65648854961832,9.511450381679388,7.4566406249999995,52.18359375,-64.208203125,
1749734852.2889082,2025-06-12 20:27:32.288,31.590948572797796,-1.9895815795898437,0.21068974609375,13.290213415527344,15.213740458015268,52.29007633587786,8.15267175572519,8.521875,53.970703125,-63.86484375,
1749734852.3011227,2025-06-12 20:27:32.301,31.543025728576993,-8.070853796386718,4.218583325195312,3.0789433349609374,-3.9389312977099236,-13.412213740458014,-2.931297709923664,,,,
1749734852.3107462,2025-06-12 20:27:32.310,31.590948572797796,-3.517082238769531,1.3407529296874998,17.252617163085937,-6.374045801526718,-19.30534351145038,-16.793893129770993,7.6341796875,52.0048828125,-64.3798828125,
1749734852.32306,2025-06-12 20:27:32.323,31.20756581903136,-19.469647900390623,-3.9264907226562498,-0.3495534423828125,19.412213740458014,1.7099236641221374,-8.488549618320612,8.3443359375,50.2177734375,-63.3498046875,
1749734852.3359623,2025-06-12 20:27:32.335,31.39925719591458,-10.232817895507813,2.0350714111328125,3.718195178222656,-11.618320610687023,-58.62595419847328,11.49618320610687,5.8587890625,52.7197265625,-64.72324218749999,81.70498691845106
1749734852.354935,2025-06-12 20:27:32.354,31.447180040135382,13.505691564941406,-3.0334535034179684,19.61270144958496,29.053435114503817,24.061068702290076,8.251908396946565,8.876953125,50.0390625,-63.521484375,
1749734852.3687708,2025-06-12 20:27:32.368,31.447180040135382,-0.9361328491210937,2.3415292236328122,4.965574243164062,-8.083969465648854,-49.35114503816794,-2.1374045801526718,6.39140625,52.8984375,-64.208203125,
1749734852.382202,2025-06-12 20:27:32.382,31.447180040135382,3.5960908935546874,3.785232824707031,17.221492541503906,-21.3206106870229,14.106870229007633,1.9465648854961832,6.036328125,53.255859375,-64.894921875,
1749734852.396475,2025-06-12 20:27:32.396,31.447180040135382,-10.836156713867187,-4.829104748535156,12.859257116699219,17.129770992366414,51.282442748091604,-2.4122137404580153,6.5689453124999995,51.6474609375,-64.3798828125,
1749734852.4101522,2025-06-12 20:27:32.410,31.447180040135382,-1.2785036865234374,1.0534487304687499,3.265691064453125,3.8625954198473282,-45.38167938931298,3.0610687022900764,6.746484375,52.541015625,-63.178124999999994,
1749734852.4234483,2025-06-12 20:27:32.423,31.590948572797796,5.434837768554687,0.7422025146484375,19.507955126953124,-10.580152671755725,45.32824427480916,-2.480916030534351,6.036328125,52.18359375,-62.49140625,
1749734852.4366152,2025-06-12 20:27:32.436,31.6388714170186,-10.43871923828125,1.5634136840820312,5.884947680664062,21.35114503816794,-5.030534351145038,-5.564885496183206,8.876953125,51.46875,-65.23828125,
1749734852.449594,2025-06-12 20:27:32.449,30.96795159792734,-9.710881933593749,17.144878088378906,2.5665841796874997,14.351145038167939,29.106870229007633,-2.068702290076336,6.9240234375,51.2900390625,-63.3498046875,
1749734852.4639468,2025-06-12 20:27:32.463,31.590948572797796,2.913743420410156,-7.388506323242187,18.63646572265625,15.442748091603054,50.87786259541985,-10.091603053435115,8.166796875,51.46875,-64.208203125,
1749734852.477745,2025-06-12 20:27:32.477,31.39925719591458,-9.516951599121093,-6.852205151367187,5.626373901367187,12.992366412213741,-39.404580152671755,-3.1526717557251906,6.5689453124999995,52.7197265625,-64.3798828125,
1749734852.4909565,2025-06-12 20:27:32.490,31.39925719591458,8.410830432128906,-2.403778466796875,12.921506359863281,3.282442748091603,17.709923664122137,-3.267175572519084,7.9892578125,52.3623046875,-63.3498046875,
1749734852.5040925,2025-06-12 20:27:32.504,32.02225417078503,-17.379509851074218,-3.778050219726562,10.675745202636719,6.358778625954199,-57.12213740458015,2.984732824427481,7.9892578125,52.3623046875,-64.3798828125,
1749734852.51709,2025-06-12 20:27:32.517,31.543025728576993,16.994043383789062,0.22505495605468748,15.377957263183593,15.625954198473282,25.68702290076336,-6.099236641221374,7.1015625,51.46875,-63.86484375,
1749734852.5304842,2025-06-12 20:27:32.530,31.543025728576993,-11.307814440917968,0.7230489013671875,4.680664245605469,-4.702290076335878,-15.717557251908397,2.015267175572519,7.4566406249999995,52.18359375,-63.521484375,
1749734852.5440767,2025-06-12 20:27:32.544,31.447180040135382,9.356540087890625,0.74699091796875,18.28451807861328,1.6030534351145038,-30.931297709923665,-7.717557251908397,6.9240234375,52.0048828125,-63.693164062499996,
1749734852.557481,2025-06-12 20:27:32.557,31.447180040135382,2.221819140625,4.50109912109375,3.9552211425781247,4.572519083969466,-48.10687022900763,0.6106870229007634,8.166796875,51.111328125,-64.5515625,
1749734852.5713396,2025-06-12 20:27:32.571,30.96795159792734,-5.0182466796875,-5.480327600097656,1.659181750488281,5.259541984732825,-9.900763358778626,-2.5801526717557253,6.5689453124999995,54.8642578125,-63.0064453125,
1749734852.586702,2025-06-12 20:27:32.586,31.6388714170186,1.7621324218749999,0.8499415893554687,15.01583426208496,17.549618320610687,-54.534351145038165,-6.511450381679389,8.166796875,51.826171875,-64.894921875,
1749734852.6007564,2025-06-12 20:27:32.600,31.447180040135382,-3.782838623046875,5.3390697021484375,6.830657336425781,28.38167938931298,42.61068702290076,-9.381679389312977,6.39140625,50.396484375,-64.208203125,
1749734852.6145616,2025-06-12 20:27:32.614,31.447180040135382,-8.75320126953125,-1.9297265380859374,0.16759411621093748,-0.1450381679389313,-62.595419847328245,11.076335877862595,5.8587890625,52.0048828125,-63.3498046875,
1749734852.6282942,2025-06-12 20:27:32.628,31.447180040135382,-2.5043349365234375,-5.097255334472656,12.20085166015625,3.7099236641221376,-6.190839694656488,-1.5419847328244274,7.4566406249999995,51.826171875,-63.178124999999994,
1749734852.6421285,2025-06-12 20:27:32.642,31.447180040135382,18.669984545898437,-0.8762778076171874,9.789890588378906,11.183206106870228,-2.8625954198473282,6.351145038167939,7.4566406249999995,52.541015625,-62.49140625,
1749734852.6557255,2025-06-12 20:27:32.655,31.543025728576993,-11.73398233642578,9.756371765136718,-0.33518823242187495,3.267175572519084,21.27480916030534,0.4122137404580153,7.1015625,52.541015625,-63.178124999999994,
1749734852.6687129,2025-06-12 20:27:32.668,30.96795159792734,-19.6133,2.080561242675781,16.17043801269531,38.458015267175576,84.33587786259542,0.7938931297709924,6.9240234375,51.6474609375,-62.319726562499994,
1749734852.6819668,2025-06-12 20:27:32.681,31.6388714170186,0.9720458740234375,2.090138049316406,0.47884033203125,14.251908396946565,-34.61832061068702,-20.259541984732824,7.1015625,53.61328125,-63.521484375,
1749734852.6967363,2025-06-12 20:27:32.696,30.96795159792734,-12.332532751464843,0.4525041137695312,5.983109948730468,5.129770992366412,25.85496183206107,-1.3053435114503817,7.81171875,52.541015625,-63.521484375,
1749734852.7097964,2025-06-12 20:27:32.709,31.30341150747297,0.7134720947265625,-4.814739538574218,17.266982373046876,12.404580152671755,13.82442748091603,0.33587786259541985,5.6812499999999995,50.75390625,-62.834765624999996,
1749734852.7233632,2025-06-12 20:27:32.723,31.20756581903136,-2.760514514160156,3.19865341796875,4.436455676269531,9.755725190839694,-11.641221374045802,-0.1984732824427481,,,,82.08579600289774
1749734852.7368624,2025-06-12 20:27:32.736,31.447180040135382,4.544194750976562,3.9887399658203124,4.395754248046875,-1.900763358778626,12.931297709923664,-13.358778625954198,8.166796875,53.255859375,-63.521484375,
1749734852.7498665,2025-06-12 20:27:32.749,31.447180040135382,0.9193734375,-2.454056701660156,14.535198278808593,20.931297709923665,-73.3206106870229,4.969465648854962,6.2138671875,53.4345703125,-63.693164062499996,81.36974471375338
1749734852.7665555,2025-06-12 20:27:32.766,31.447180040135382,-0.9097966308593749,2.808398547363281,3.746925598144531,3.633587786259542,-3.984732824427481,5.809160305343512,7.4566406249999995,53.61328125,-63.178124999999994,
1749734852.7796679,2025-06-12 20:27:32.779,31.447180040135382,-4.113238452148437,-6.672640026855468,15.940594653320312,7.404580152671755,-15.458015267175572,3.6412213740458017,8.699414062499999,52.3623046875,-64.3798828125,
1749734852.7926075,2025-06-12 20:27:32.792,31.39925719591458,-4.292803576660156,-8.252813122558594,13.812149377441406,12.694656488549619,4.656488549618321,3.2213740458015265,7.4566406249999995,50.396484375,-64.894921875,
1749734852.80692,2025-06-12 20:27:32.806,31.30341150747297,3.4763808105468748,5.911283898925781,13.663708874511718,10.419847328244275,32.20610687022901,-5.740458015267175,6.9240234375,53.4345703125,-63.0064453125,
1749734852.819918,2025-06-12 20:27:32.819,31.447180040135382,-17.1999447265625,-1.0558429321289062,3.028665100097656,-3.954198473282443,43.11450381679389,-1.7938931297709924,7.4566406249999995,52.541015625,-63.521484375,
1749734852.8329055,2025-06-12 20:27:32.832,31.543025728576993,13.223175769042967,-1.7190367919921874,14.152126013183594,14.297709923664122,-93.4885496183206,-12.946564885496183,7.1015625,52.541015625,-63.86484375,
1749734852.8457232,2025-06-12 20:27:32.845,31.30341150747297,8.391676818847655,1.3311761230468748,13.41950030517578,4.511450381679389,-13.954198473282442,13.312977099236642,7.279101562499999,53.4345703125,-63.693164062499996,
1749734852.8586006,2025-06-12 20:27:32.858,31.447180040135382,2.1811177124023438,1.8076222534179687,12.627019555664061,7.221374045801527,-21.15267175572519,-4.465648854961832,7.279101562499999,52.3623046875,-63.693164062499996,
1749734852.8714263,2025-06-12 20:27:32.871,31.20756581903136,2.674323254394531,-2.5761609863281247,16.440982800292968,22.18320610687023,-23.946564885496183,6.656488549618321,5.5037109375,53.0771484375,-63.0064453125,
1749734852.8852463,2025-06-12 20:27:32.885,31.543025728576993,-5.336675500488281,2.384624853515625,7.678204724121093,5.198473282442748,-16.587786259541986,10.396946564885496,6.746484375,54.685546875,-63.178124999999994,
1749734852.8982246,2025-06-12 20:27:32.898,31.447180040135382,-1.0582371337890624,-3.1268273681640624,11.81777939453125,-10.221374045801527,-1.0763358778625953,5.572519083969466,7.9892578125,52.7197265625,-64.0365234375,
1749734852.9125786,2025-06-12 20:27:32.912,31.447180040135382,-3.0334535034179684,1.1875240234375,6.026205578613281,17.427480916030536,-70.38931297709924,-10.312977099236642,6.746484375,51.46875,-64.208203125,
1749734852.9275033,2025-06-12 20:27:32.927,31.447180040135382,-8.84178673095703,2.8514941772460936,3.687070556640625,-0.8396946564885496,41.83206106870229,0.5725190839694656,8.3443359375,52.0048828125,-65.0666015625,
1749734852.9409952,2025-06-12 20:27:32.940,31.543025728576993,-2.683900061035156,-5.791573815917968,11.133037719726563,6.969465648854962,-48.541984732824424,1.0687022900763359,8.521875,51.111328125,-63.86484375,
1749734852.9544382,2025-06-12 20:27:32.954,31.39925719591458,-7.807491613769531,0.047884033203124995,7.417236743164062,12.84732824427481,34.64885496183206,15.473282442748092,,,,83.0172351241263
1749734852.9676185,2025-06-12 20:27:32.967,31.543025728576993,-8.693346228027343,3.303998291015625,0.11252747802734374,9.603053435114504,-8.145038167938932,-2.969465648854962,8.166796875,53.970703125,-63.521484375,
1749734852.9806058,2025-06-12 20:27:32.980,31.543025728576993,3.2249896362304686,-1.9871873779296874,18.104952954101563,1.2213740458015268,-26.045801526717558,-10.748091603053435,7.6341796875,52.0048828125,-64.0365234375,82.84949715408581
1749734852.997546,2025-06-12 20:27:32.997,31.590948572797796,-6.993463049316406,-2.2266075439453124,9.07163009033203,9.236641221374045,76.44274809160305,4.351145038167939,7.279101562499999,52.0048828125,-62.6630859375,
1749734853.0104492,2025-06-12 20:27:33.010,30.96795159792734,-14.638148950195312,3.9695863525390624,-3.8857892944335934,11.549618320610687,0.3893129770992366,-5.450381679389313,7.81171875,51.46875,-64.208203125,
1749734853.0249703,2025-06-12 20:27:33.024,31.543025728576993,0.7422025146484375,-7.900865478515625,19.539079748535155,17.106870229007633,50.786259541984734,6.786259541984733,6.5689453124999995,50.9326171875,-64.0365234375,
1749734853.0383527,2025-06-12 20:27:33.038,31.39925719591458,-8.013392956542969,4.091690637207031,2.4133552734375,16.83969465648855,-45.16793893129771,-3.801526717557252,7.1015625,52.18359375,-62.834765624999996,
1749734853.0513086,2025-06-12 20:27:33.051,31.30341150747297,-3.2441432495117186,-0.97683427734375,2.959233251953125,2.3587786259541983,-39.770992366412216,-3.786259541984733,6.5689453124999995,53.4345703125,-63.0064453125,81.69966606700679
1749734853.0677226,2025-06-12 20:27:33.067,31.543025728576993,2.5522189697265625,-6.2584431396484375,15.35401524658203,33.16030534351145,-62.64885496183206,10.114503816793894,7.4566406249999995,51.46875,-62.148046875,
1749734853.0806653,2025-06-12 20:27:33.080,31.30341150747297,0.3064578125,6.943184814453125,9.672574707031249,12.038167938931299,95.70229007633588,-3.9923664122137406,8.521875,52.8984375,-63.178124999999994,
1749734853.0936341,2025-06-12 20:27:33.093,31.590948572797796,-2.0446482177734375,0.3447650390625,-0.13168109130859373,-18.87786259541985,-107.05343511450381,9.17557251908397,7.81171875,53.61328125,-63.86484375,
1749734853.1065214,2025-06-12 20:27:33.106,31.447180040135382,6.907271789550781,1.6519991455078125,19.61270144958496,12.549618320610687,56.961832061068705,1.9923664122137406,5.6812499999999995,52.18359375,-63.178124999999994,
1749734853.1193745,2025-06-12 20:27:33.119,31.447180040135382,-2.250549560546875,1.6352397338867186,2.7365724975585937,11.198473282442748,-52.083969465648856,-3.7251908396946565,7.1015625,52.541015625,-61.461328124999994,
1749734853.1323023,2025-06-12 20:27:33.132,31.447180040135382,0.9433154541015625,1.3575123413085937,11.75313594970703,-1.5877862595419847,-2.931297709923664,-5.603053435114504,7.81171875,52.541015625,-63.178124999999994,
1749734853.1467881,2025-06-12 20:27:33.146,31.30341150747297,-9.562441430664062,-3.859453076171875,8.497021691894531,20.213740458015266,-58.17557251908397,9.053435114503817,8.3443359375,50.9326171875,-63.0064453125,
1749734853.1602242,2025-06-12 20:27:33.160,31.447180040135382,-8.252813122558594,11.489773767089844,10.043675964355469,-0.549618320610687,55.83206106870229,6.030534351145038,8.521875,52.541015625,-62.148046875,
1749734853.1732588,2025-06-12 20:27:33.173,31.543025728576993,1.5849614990234373,1.3958195678710936,11.197681164550781,-18.236641221374047,-49.43511450381679,-9.320610687022901,7.9892578125,53.4345703125,-63.3498046875,
1749734853.1867077,2025-06-12 20:27:33.186,30.96795159792734,2.2601263671875,-0.09816226806640624,13.493720556640625,18.923664122137403,25.16030534351145,-13.206106870229007,5.5037109375,53.4345703125,-64.3798828125,
1749734853.1998227,2025-06-12 20:27:33.199,31.01587444214814,1.158793603515625,3.9695863525390624,3.9336733276367184,14.206106870229007,-46.85496183206107,-4.396946564885496,6.746484375,53.255859375,-62.834765624999996,
1749734853.2136204,2025-06-12 20:27:33.213,31.590948572797796,8.441955053710936,1.946485949707031,11.851298217773437,5.694656488549619,4.4961832061068705,-0.030534351145038167,5.6812499999999995,52.18359375,-63.86484375,
1749734853.227369,2025-06-12 20:27:33.227,31.39925719591458,-19.474436303710938,-2.750937707519531,14.915876342773437,8.412213740458014,5.290076335877862,-17.396946564885496,8.166796875,51.111328125,-63.178124999999994,
1749734853.2410321,2025-06-12 20:27:33.241,31.447180040135382,10.417171423339843,7.472303381347656,15.181632727050781,2.877862595419847,-0.7480916030534351,4.0534351145038165,7.279101562499999,53.4345703125,-63.3498046875,
1749734853.2559297,2025-06-12 20:27:33.255,31.543025728576993,5.128379956054687,0.7589619262695312,16.08903515625,-0.6183206106870229,-23.083969465648856,5.358778625954199,6.746484375,52.18359375,-63.86484375,
1749734853.2695842,2025-06-12 20:27:33.269,31.447180040135382,-7.936778503417968,-0.5817910034179687,6.720524060058593,14.80916030534351,5.2748091603053435,-6.358778625954199,8.521875,52.8984375,-64.5515625,
1749734853.2831302,2025-06-12 20:27:33.283,31.590948572797796,-0.9337386474609375,-0.7350199096679687,10.35492218017578,1.8854961832061068,16.053435114503817,3.3282442748091605,7.81171875,53.61328125,-63.178124999999994,
1749734853.297049,2025-06-12 20:27:33.297,31.543025728576993,-4.589684582519531,0.2561795776367187,17.77215892333984,5.343511450381679,26.709923664122137,-7.6106870229007635,7.6341796875,53.0771484375,-63.0064453125,
1749734853.3108282,2025-06-12 20:27:33.310,31.543025728576993,15.3611978515625,-0.6344634399414062,13.038822241210937,9.67175572519084,-49.0763358778626,-3.8091603053435112,6.39140625,52.18359375,-64.5515625,
1749734853.3244739,2025-06-12 20:27:33.324,31.6388714170186,-14.408305590820312,2.863465185546875,-1.5586252807617187,2.2519083969465647,-7.175572519083969,-2.9618320610687023,9.0544921875,52.7197265625,-64.0365234375,
1749734853.3381476,2025-06-12 20:27:33.338,31.543025728576993,-1.3814543579101561,-7.788338000488281,19.61270144958496,3.381679389312977,39.06870229007634,-0.48091603053435117,6.2138671875,51.2900390625,-64.0365234375,
1749734853.3526063,2025-06-12 20:27:33.352,31.6388714170186,-4.120421057128906,2.4133552734375,8.497021691894531,15.625954198473282,35.267175572519086,9.114503816793894,6.39140625,52.541015625,-63.521484375,
1749734853.3680143,2025-06-12 20:27:33.368,31.543025728576993,-19.610905798339843,1.2808978881835937,-6.021417175292968,13.374045801526718,-10.931297709923664,-2.053435114503817,7.6341796875,52.3623046875,-64.72324218749999,
1749734853.381822,2025-06-12 20:27:33.381,31.30341150747297,2.2960393920898436,-4.094084838867187,17.46749676208496,13.65648854961832,-135.42748091603053,-1.3511450381679388,5.6812499999999995,52.541015625,-64.5515625,83.092193728754
1749734853.399576,2025-06-12 20:27:33.399,32.357714080330666,15.727510705566406,5.255272644042968,11.374852087402344,-2.3893129770992365,39.57251908396947,0.015267175572519083,7.4566406249999995,52.8984375,-64.208203125,
1749734853.4134853,2025-06-12 20:27:33.413,31.255488663252166,-13.295001818847656,1.6424223388671875,0.9097966308593749,-4.190839694656488,-12.694656488549619,-1.549618320610687,6.5689453124999995,54.1494140625,-64.0365234375,
1749734853.427161,2025-06-12 20:27:33.427,31.447180040135382,5.0206408813476555,-0.51714755859375,19.61270144958496,27.374045801526716,6.404580152671755,17.427480916030536,6.746484375,51.826171875,-64.208203125,
1749734853.441022,2025-06-12 20:27:33.441,31.590948572797796,-5.8226984375,1.9393033447265624,3.77326181640625,6.221374045801527,34.267175572519086,0.22900763358778625,6.9240234375,54.1494140625,-63.693164062499996,
1749734853.4553099,2025-06-12 20:27:33.455,31.590948572797796,11.480196960449218,-1.5514426757812498,13.79000301208496,-8.900763358778626,-75.30534351145039,-2.877862595419847,6.39140625,52.18359375,-64.208203125,
1749734853.469277,2025-06-12 20:27:33.469,32.357714080330666,-15.248670373535155,-1.4173673828125,-3.21780703125,21.946564885496183,-99.56488549618321,9.274809160305344,6.5689453124999995,52.3623046875,-63.0064453125,
1749734853.4845126,2025-06-12 20:27:33.484,31.6388714170186,-11.645396875,3.785232824707031,13.883975427246092,0.04580152671755725,149.04580152671755,1.251908396946565,7.9892578125,54.5068359375,-64.0365234375,
1749734853.4987283,2025-06-12 20:27:33.498,31.590948572797796,13.912705847167969,-5.57370146484375,19.61270144958496,28.61832061068702,-62.916030534351144,12.48091603053435,7.1015625,52.18359375,-63.178124999999994,
1749734853.5124528,2025-06-12 20:27:33.512,31.01587444214814,2.1811177124023438,0.16759411621093748,15.157690710449218,7.412213740458015,80.42748091603053,14.16030534351145,7.1015625,53.61328125,-63.521484375,
1749734853.5259824,2025-06-12 20:27:33.525,31.39925719591458,-12.186486450195313,0.6392518432617187,0.5147533569335937,5.114503816793893,19.53435114503817,-2.0916030534351147,8.166796875,53.255859375,-62.834765624999996,
1749734853.5397592,2025-06-12 20:27:33.539,31.30341150747297,-4.939238024902344,-3.1555577880859373,19.61270144958496,16.15267175572519,-17.358778625954198,20.68702290076336,7.279101562499999,51.2900390625,-62.6630859375,
1749734853.5535693,2025-06-12 20:27:33.553,31.39925719591458,3.3973721557617185,0.06703764648437499,3.0023288818359375,-6.152671755725191,68.38167938931298,9.17557251908397,6.9240234375,51.2900390625,-64.72324218749999,
1749734853.5676854,2025-06-12 20:27:33.567,31.447180040135382,-3.873818286132812,0.565031591796875,9.03332286376953,6.152671755725191,56.67175572519084,-10.48091603053435,7.4566406249999995,52.18359375,-64.208203125,
1749734853.5814815,2025-06-12 20:27:33.581,31.590948572797796,-5.585672473144531,2.1068974609374997,17.2765591796875,19.633587786259543,-3.33587786259542,-0.4732824427480916,6.9240234375,50.5751953125,-63.0064453125,80.98376792317633
1749734853.6002958,2025-06-12 20:27:33.600,32.357714080330666,4.589684582519531,-2.3630770385742186,15.344438439941406,4.603053435114504,66.09923664122137,-2.33587786259542,7.1015625,54.328125,-62.148046875,
1749734853.6140056,2025-06-12 20:27:33.614,31.447180040135382,-3.787627026367187,-1.5442600708007812,13.278242407226562,-0.35877862595419846,-104.00763358778626,-1.4732824427480915,7.6341796875,52.0048828125,-63.693164062499996,
1749734853.627563,2025-06-12 20:27:33.627,30.96795159792734,-5.923254907226562,-2.9855694702148434,14.334085339355468,3.83206106870229,104.19847328244275,9.297709923664122,6.39140625,52.18359375,-62.834765624999996,
1749734853.6416025,2025-06-12 20:27:33.641,31.6388714170186,-2.365471240234375,-1.2832920898437499,4.386177441406249,-10.236641221374045,-45.48854961832061,-0.10687022900763359,6.9240234375,53.0771484375,-64.72324218749999,
1749734853.655616,2025-06-12 20:27:33.655,31.39925719591458,-16.646884143066405,-7.189787585449218,11.525686791992188,8.564885496183207,-9.358778625954198,2.816793893129771,7.1015625,51.826171875,-64.5515625,
1749734853.669332,2025-06-12 20:27:33.669,31.6388714170186,0.4908113403320312,-3.0047230834960934,15.253458776855467,1.465648854961832,42.93129770992366,4.763358778625954,7.279101562499999,53.4345703125,-63.0064453125,
1749734853.6836119,2025-06-12 20:27:33.683,31.01587444214814,-9.009380847167968,-4.153939880371094,2.418143676757812,-2.3206106870229006,-19.557251908396946,-1.6412213740458015,8.876953125,53.255859375,-64.208203125,83.74284615729015
1749734853.7022393,2025-06-12 20:27:33.702,32.21394554766825,4.951209033203125,-13.773842150878906,19.61270144958496,17.900763358778626,29.702290076335878,17.267175572519083,7.9892578125,50.5751953125,-63.693164062499996,
1749734853.7161574,2025-06-12 20:27:33.716,31.255488663252166,-5.008669873046875,10.55364091796875,7.5153990112304685,4.0,-12.030534351145038,-0.31297709923664124,5.6812499999999995,51.111328125,-62.49140625,
1749734853.7302516,2025-06-12 20:27:33.730,31.30341150747297,5.748478186035156,-1.4532804077148436,3.9504327392578125,-13.679389312977099,-99.7557251908397,0.33587786259541985,8.3443359375,53.4345703125,-64.3798828125,
1749734853.7438786,2025-06-12 20:27:33.743,31.447180040135382,-1.656787548828125,-0.8834604125976562,9.313444458007812,5.633587786259542,29.83969465648855,14.091603053435115,7.6341796875,51.6474609375,-64.0365234375,
1749734853.758091,2025-06-12 20:27:33.758,32.30979123610986,6.514622717285156,4.204218115234375,13.304578625488281,11.770992366412214,16.0,0.9541984732824428,6.9240234375,52.3623046875,-63.3498046875,
1749734853.77201,2025-06-12 20:27:33.772,31.20756581903136,-9.545682019042967,-1.0821791503906248,6.768408093261718,0.6183206106870229,-24.50381679389313,-2.572519083969466,8.3443359375,53.4345703125,-63.0064453125,
1749734853.7858145,2025-06-12 20:27:33.785,32.30979123610986,3.3351229125976563,-2.6886884643554687,11.159373937988281,22.541984732824428,-9.732824427480915,4.2748091603053435,7.4566406249999995,50.75390625,-63.521484375,
1749734853.7994585,2025-06-12 20:27:33.799,31.6388714170186,-13.826514587402343,6.497863305664062,8.566453540039062,12.526717557251908,-34.74809160305343,0.7022900763358778,6.746484375,52.8984375,-63.178124999999994,
1749734853.814665,2025-06-12 20:27:33.814,31.447180040135382,-7.639897497558593,0.08858546142578125,7.433996154785156,4.198473282442748,-4.923664122137405,-4.847328244274809,7.6341796875,52.0048828125,-64.3798828125,
1749734853.8287761,2025-06-12 20:27:33.828,31.543025728576993,6.311115576171875,-6.4475850708007805,10.503362683105468,18.129770992366414,0.4732824427480916,1.549618320610687,6.746484375,51.111328125,-64.5515625,
1749734853.84255,2025-06-12 20:27:33.842,30.96795159792734,-5.360617517089843,4.204218115234375,4.910507604980468,0.9541984732824428,19.206106870229007,2.2061068702290076,4.97109375,53.255859375,-63.521484375,
1749734853.8562696,2025-06-12 20:27:33.856,31.01587444214814,3.9600095458984375,-4.704606262207031,19.61270144958496,16.106870229007633,2.351145038167939,-12.580152671755725,6.036328125,51.46875,-63.86484375,
1749734853.8700466,2025-06-12 20:27:33.870,30.96795159792734,8.346186987304687,2.080561242675781,9.076418493652342,9.687022900763358,39.93893129770992,2.900763358778626,7.4566406249999995,51.46875,-64.5515625,
1749734853.883712,2025-06-12 20:27:33.883,31.543025728576993,-11.643002673339844,-4.1563340820312495,0.13407529296874998,1.9923664122137406,4.145038167938932,-2.183206106870229,6.5689453124999995,52.0048828125,-63.693164062499996,
1749734853.897343,2025-06-12 20:27:33.897,31.590948572797796,2.779668127441406,-2.3367408203125,17.46091270751953,16.893129770992367,-68.58015267175573,7.244274809160306,7.279101562499999,52.7197265625,-65.0666015625,
1749734853.9112911,2025-06-12 20:27:33.911,31.73471710546021,-12.145785021972655,1.1180921752929687,1.7549498168945312,20.480916030534353,-10.534351145038167,2.068702290076336,6.746484375,51.826171875,-64.208203125,
1749734853.9267104,2025-06-12 20:27:33.926,31.39925719591458,-15.229516760253905,0.296881005859375,2.4971523315429685,-8.198473282442748,12.633587786259541,2.3740458015267176,6.5689453124999995,51.6474609375,-62.319726562499994,
1749734853.9408638,2025-06-12 20:27:33.940,31.063797286368946,7.216123803710937,-1.3000515014648437,18.308460095214844,10.099236641221374,-70.19083969465649,5.534351145038168,6.2138671875,51.2900390625,-64.72324218749999,
1749734853.9549682,2025-06-12 20:27:33.954,31.543025728576993,-6.909665991210937,10.096348400878906,1.1755530151367186,-9.251908396946565,36.770992366412216,3.053435114503817,9.4095703125,52.0048828125,-63.693164062499996,
1749734853.96904,2025-06-12 20:27:33.969,31.590948572797796,5.109226342773437,3.0334535034179684,7.218518005371093,-2.4198473282442747,-1.183206106870229,-12.954198473282442,7.279101562499999,52.3623046875,-63.3498046875,
1749734853.982625,2025-06-12 20:27:33.982,32.40563692455147,-0.16519991455078123,-1.2785036865234374,12.179303845214843,33.52671755725191,-21.076335877862597,-12.946564885496183,5.326171875,53.255859375,-64.5515625,
1749734853.9963162,2025-06-12 20:27:33.996,31.447180040135382,0.9026140258789062,3.749319799804687,4.7117888671875,9.923664122137405,0.04580152671755725,6.2748091603053435,5.8587890625,51.6474609375,-63.0064453125,
1749734854.0100071,2025-06-12 20:27:34.010,32.21394554766825,-5.116408947753906,1.16837041015625,3.689464758300781,13.244274809160306,-20.85496183206107,-2.5343511450381677,7.6341796875,53.0771484375,-63.3498046875,
1749734854.0238767,2025-06-12 20:27:34.023,31.543025728576993,-2.8610709838867185,6.909665991210937,14.152126013183594,23.778625954198475,27.50381679389313,-1.3511450381679388,6.5689453124999995,52.3623046875,-63.0064453125,
1749734854.0386882,2025-06-12 20:27:34.038,32.21394554766825,-10.029310754394531,6.64630380859375,11.96382569580078,5.2748091603053435,8.335877862595419,10.198473282442748,7.81171875,52.18359375,-63.86484375,
1749734854.0525022,2025-06-12 20:27:34.052,31.447180040135382,-3.7804444213867185,0.9121908325195311,10.977414611816405,14.679389312977099,-31.61832061068702,-7.32824427480916,5.8587890625,52.3623046875,-63.0064453125,
1749734854.0660758,2025-06-12 20:27:34.066,31.39925719591458,5.087678527832031,-2.6671406494140624,13.92467685546875,14.572519083969466,31.80916030534351,-1.748091603053435,6.9240234375,50.5751953125,-63.693164062499996,
1749734854.0796878,2025-06-12 20:27:34.079,31.159642974810556,-6.227318518066406,5.154716174316406,8.0062103515625,5.648854961832061,-34.98473282442748,3.9770992366412212,6.746484375,53.255859375,-64.208203125,
1749734854.0932918,2025-06-12 20:27:34.093,31.447180040135382,3.076549133300781,1.235408056640625,15.184026928710937,-3.49618320610687,39.13740458015267,-4.038167938931298,7.6341796875,52.0048828125,-63.0064453125,
1749734854.106905,2025-06-12 20:27:34.106,31.543025728576993,-13.934253662109374,-3.9264907226562498,4.3622354248046875,21.580152671755727,-35.83206106870229,0.11450381679389313,6.5689453124999995,52.3623046875,-63.3498046875,
1749734854.1204557,2025-06-12 20:27:34.120,31.39925719591458,-1.6807295654296874,7.7596075805664055,3.7995980346679685,12.335877862595419,6.870229007633588,-3.2290076335877864,6.39140625,52.541015625,-64.208203125,
1749734854.1341677,2025-06-12 20:27:34.134,31.590948572797796,9.988609326171874,2.2673089721679687,18.964471350097654,10.320610687022901,-70.90076335877863,-12.923664122137405,9.0544921875,51.2900390625,-65.4099609375,
1749734854.1489792,2025-06-12 20:27:34.148,31.6388714170186,6.864176159667968,-5.999869360351562,10.098742602539062,11.114503816793894,2.2290076335877864,9.870229007633588,7.9892578125,52.3623046875,-64.72324218749999,
1749734854.162842,2025-06-12 20:27:34.162,32.40563692455147,-18.550274462890624,2.7844565307617186,-1.5969325073242187,3.427480916030534,-11.366412213740459,5.786259541984733,7.81171875,52.18359375,-63.86484375,
1749734854.1765907,2025-06-12 20:27:34.176,31.543025728576993,-6.45476767578125,-10.50815108642578,16.998831787109374,14.801526717557252,6.877862595419847,3.3969465648854964,7.81171875,52.8984375,-65.23828125,
1749734854.1904733,2025-06-12 20:27:34.190,31.543025728576993,-0.7445967163085937,5.530605834960937,6.806715319824218,0.5343511450381679,50.89312977099237,-14.816793893129772,6.746484375,54.328125,-63.521484375,
1749734854.2044075,2025-06-12 20:27:34.204,31.6388714170186,7.000645654296875,1.43652099609375,7.182604980468749,-12.603053435114504,-67.76335877862596,-1.7251908396946565,7.4566406249999995,53.255859375,-64.208203125,
1749734854.2183962,2025-06-12 20:27:34.218,30.96795159792734,6.9527616210937495,4.328716601562499,19.58696378173828,31.16793893129771,1.8396946564885497,12.992366412213741,6.39140625,51.826171875,-62.834765624999996,
1749734854.232168,2025-06-12 20:27:34.232,31.6388714170186,2.4851813232421875,9.246406811523437,10.333374365234375,18.763358778625953,23.80916030534351,-4.526717557251908,7.279101562499999,52.3623046875,-63.0064453125,
1749734854.2458525,2025-06-12 20:27:34.245,32.30979123610986,4.017470385742187,0.5602431884765625,6.5505357421875,-6.709923664122138,7.9465648854961835,-7.305343511450381,8.699414062499999,52.7197265625,-62.6630859375,
1749734854.2606575,2025-06-12 20:27:34.260,31.543025728576993,3.4428619873046875,2.4660277099609376,16.883910107421872,20.19083969465649,-49.93129770992366,2.0610687022900764,6.5689453124999995,51.6474609375,-62.319726562499994,
1749734854.2745726,2025-06-12 20:27:34.274,31.447180040135382,-4.096479040527344,-2.4899697265625,2.1906945190429687,-13.954198473282442,23.625954198473284,17.709923664122137,6.9240234375,52.3623046875,-62.6630859375,
1749734854.288183,2025-06-12 20:27:34.288,31.447180040135382,-4.429273071289062,6.263231542968749,7.474697583007812,12.229007633587786,-23.068702290076335,-27.244274809160306,7.4566406249999995,53.61328125,-63.521484375,
1749734854.301875,2025-06-12 20:27:34.301,30.96795159792734,10.996568225097656,1.7788918334960937,7.472303381347656,9.954198473282442,-88.19083969465649,-16.38167938931298,6.5689453124999995,52.0048828125,-64.3798828125,
1749734854.3155386,2025-06-12 20:27:34.315,32.357714080330666,-4.639962817382812,2.9496564453125,7.072471704101562,10.938931297709924,31.633587786259543,-0.8015267175572519,7.9892578125,52.7197265625,-63.3498046875,82.29357875079747
1749734854.3330536,2025-06-12 20:27:34.333,31.447180040135382,-12.04044014892578,-6.766013891601562,16.685191369628907,14.854961832061068,11.404580152671755,-0.37404580152671757,7.279101562499999,54.1494140625,-64.3798828125,
1749734854.3466806,2025-06-12 20:27:34.346,31.543025728576993,-7.129932543945312,4.086902233886718,10.493785876464843,4.587786259541985,28.106870229007633,8.793893129770993,7.1015625,50.75390625,-63.86484375,
1749734854.3602588,2025-06-12 20:27:34.360,31.255488663252166,1.2114660400390624,3.8474820678710935,3.6559459350585937,-4.351145038167939,-25.206106870229007,-4.312977099236641,7.6341796875,52.0048828125,-63.693164062499996,
1749734854.3749373,2025-06-12 20:27:34.374,31.447180040135382,-7.486668591308593,-5.181052392578125,17.5064025390625,8.488549618320612,-49.0,2.122137404580153,6.036328125,52.18359375,-63.178124999999994,82.25033732889588
1749734854.3929865,2025-06-12 20:27:34.392,31.447180040135382,-0.9888052856445312,1.3551181396484375,10.59194814453125,8.786259541984732,49.595419847328245,-0.12213740458015267,7.1015625,52.541015625,-62.148046875,
1749734854.406598,2025-06-12 20:27:34.406,31.39925719591458,-1.7310078002929687,-0.6248866333007812,2.7581203125,-8.274809160305344,-18.0381679389313,-1.3206106870229009,8.166796875,52.541015625,-65.23828125,
1749734854.4204416,2025-06-12 20:27:34.420,30.96795159792734,-10.350133776855468,1.0390835205078124,11.645396875,13.312977099236642,-1.0381679389312977,-2.0916030534351147,7.6341796875,52.0048828125,-64.3798828125,
1749734854.4335084,2025-06-12 20:27:34.433,32.357714080330666,-1.5897499023437498,11.959037292480469,6.217741711425781,9.374045801526718,-51.847328244274806,-7.526717557251908,7.1015625,52.18359375,-61.117968749999996,
1749734854.4469974,2025-06-12 20:27:34.446,31.6388714170186,-0.34715924072265625,1.4125789794921875,10.149020837402343,-9.717557251908397,-26.85496183206107,-6.0458015267175576,7.9892578125,52.7197265625,-65.7533203125,
1749734854.460624,2025-06-12 20:27:34.460,31.543025728576993,0.6871358764648438,-0.8379705810546875,16.79053624267578,12.17557251908397,63.69465648854962,-5.091603053435114,7.1015625,52.541015625,-62.834765624999996,
1749734854.4740958,2025-06-12 20:27:34.474,32.07017701500584,0.40462008056640625,6.612784985351562,4.493916516113281,10.381679389312977,-18.38167938931298,-0.42748091603053434,7.4566406249999995,52.541015625,-62.49140625,
1749734854.4890118,2025-06-12 20:27:34.489,31.590948572797796,-4.613626599121093,-2.272097375488281,3.162740393066406,6.305343511450381,40.88549618320611,3.145038167938931,8.521875,53.970703125,-62.834765624999996,
1749734854.5028586,2025-06-12 20:27:34.502,31.83056279390182,-5.324704492187499,3.1555577880859373,8.066065393066406,41.62595419847328,71.9618320610687,0.366412213740458,7.1015625,52.541015625,-64.5515625,
1749734854.5164301,2025-06-12 20:27:34.516,30.96795159792734,-1.4125789794921875,19.610905798339843,7.381323718261719,-9.045801526717558,-54.56488549618321,0.0,7.6341796875,53.0771484375,-63.693164062499996,
1749734854.5301063,2025-06-12 20:27:34.530,31.20756581903136,-2.2266075439453124,-0.7302315063476562,10.943895788574219,-0.3435114503816794,-12.053435114503817,-10.129770992366412,,,,81.16484013711697
1749734854.5437503,2025-06-12 20:27:34.543,31.255488663252166,-12.559981909179687,-6.957550024414062,12.157756030273436,23.099236641221374,99.19083969465649,0.6946564885496184,7.4566406249999995,52.8984375,-63.521484375,
1749734854.5569038,2025-06-12 20:27:34.556,31.6388714170186,-7.094019519042968,-1.467645617675781,0.603338818359375,4.740458015267175,-53.38931297709924,4.572519083969466,7.4566406249999995,52.541015625,-62.834765624999996,80.18942650823222
1749734854.5733953,2025-06-12 20:27:34.573,31.543025728576993,5.7149593627929685,-12.035651745605469,13.48354519958496,16.52671755725191,-111.22137404580153,8.01526717557252,6.5689453124999995,50.9326171875,-62.6630859375,
1749734854.5863082,2025-06-12 20:27:34.586,31.6388714170186,-3.8570588745117185,3.7421371948242186,4.517858532714843,12.16793893129771,22.083969465648856,-9.98473282442748,6.2138671875,53.7919921875,-63.0064453125,
1749734854.6005716,2025-06-12 20:27:34.600,31.926408482343426,6.100425830078125,4.915296008300781,12.373234179687499,-9.679389312977099,-69.63358778625954,-5.282442748091603,8.699414062499999,51.2900390625,-64.0365234375,
1749734854.614054,2025-06-12 20:27:34.614,30.96795159792734,0.09576806640624999,0.7829039428710937,9.995791931152343,29.099236641221374,0.648854961832061,6.526717557251908,6.2138671875,52.3623046875,-62.319726562499994,
1749734854.6270008,2025-06-12 20:27:34.627,32.30979123610986,-9.387664709472656,4.84586416015625,2.35589443359375,6.099236641221374,7.748091603053435,-1.2061068702290076,7.279101562499999,52.0048828125,-62.6630859375,82.71319688601838
1749734854.643471,2025-06-12 20:27:34.643,31.447180040135382,3.0621839233398433,0.24660277099609373,16.800113049316405,4.969465648854962,58.29007633587786,-7.786259541984733,6.9240234375,52.7197265625,-63.0064453125,
1749734854.6567879,2025-06-12 20:27:34.656,31.543025728576993,-7.453149768066406,-3.4620156005859375,5.334281298828125,14.01526717557252,-12.442748091603054,-5.6106870229007635,7.81171875,52.18359375,-62.49140625,
1749734854.6706777,2025-06-12 20:27:34.670,31.447180040135382,-8.815450512695312,-4.6830584472656245,6.574477758789062,-4.885496183206107,-48.587786259541986,13.099236641221374,7.1015625,52.8984375,-63.86484375,
1749734854.6846673,2025-06-12 20:27:34.684,31.447180040135382,-11.777077966308592,-9.907206469726562,17.580622790527343,7.480916030534351,26.87786259541985,-8.740458015267176,6.746484375,52.541015625,-63.86484375,
1749734854.6989255,2025-06-12 20:27:34.698,31.447180040135382,6.356605407714843,-1.2880804931640624,11.559205615234374,10.13740458015267,35.13740458015267,11.404580152671755,7.9892578125,49.5029296875,-63.3498046875,
1749734854.7141776,2025-06-12 20:27:34.714,31.255488663252166,-0.14125789794921875,4.505887524414062,6.404489440917969,1.4885496183206106,-33.778625954198475,-4.511450381679389,7.4566406249999995,53.255859375,-63.86484375,
1749734854.7283778,2025-06-12 20:27:34.728,31.543025728576993,-8.0828248046875,-2.655169641113281,11.662156286621093,17.221374045801525,-31.099236641221374,-10.854961832061068,6.9240234375,52.0048828125,-65.0666015625,
1749734854.7420478,2025-06-12 20:27:34.742,31.30341150747297,-3.375824340820312,3.976768957519531,7.4220251464843745,2.1908396946564888,-45.267175572519086,-4.793893129770993,7.9892578125,53.4345703125,-63.3498046875,
1749734854.7566216,2025-06-12 20:27:34.756,31.447180040135382,-12.15536182861328,0.49320554199218747,-4.141968872070312,1.213740458015267,-41.213740458015266,-2.068702290076336,6.39140625,52.8984375,-63.86484375,82.30242192366822
1749734854.7741458,2025-06-12 20:27:34.774,32.40563692455147,-0.737414111328125,-6.136338854980468,9.150638745117186,13.679389312977099,-72.5114503816794,4.106870229007634,6.746484375,50.0390625,-63.86484375,
1749734854.7879083,2025-06-12 20:27:34.787,31.30341150747297,5.092466931152344,3.7229835815429686,13.584700219726562,14.534351145038167,40.66412213740458,13.16030534351145,7.1015625,51.46875,-61.8046875,
1749734854.8015962,2025-06-12 20:27:34.801,31.447180040135382,0.70868369140625,5.336675500488281,3.0980969482421874,2.4732824427480917,-35.50381679389313,-3.618320610687023,6.5689453124999995,51.2900390625,-63.3498046875,
1749734854.815168,2025-06-12 20:27:34.815,30.96795159792734,-12.476184851074217,-1.1516109985351561,11.911153259277343,15.992366412213741,21.65648854961832,-4.236641221374046,8.3443359375,51.6474609375,-63.0064453125,82.13877853257718
1749734854.8343022,2025-06-12 20:27:34.834,31.01587444214814,-12.770671655273437,4.994304663085937,-1.697488977050781,7.702290076335878,-51.56488549618321,-0.916030534351145,6.9240234375,51.6474609375,-63.693164062499996,
1749734854.8482776,2025-06-12 20:27:34.848,31.447180040135382,2.798821740722656,-9.710881933593749,19.534291345214843,17.221374045801525,38.412213740458014,5.816793893129771,7.81171875,52.18359375,-63.178124999999994,
1749734854.8618362,2025-06-12 20:27:34.861,32.21394554766825,-19.594146386718748,0.7685387329101562,4.335899206542969,8.526717557251908,78.5114503816794,3.8091603053435112,6.036328125,54.685546875,-63.178124999999994,
1749734854.874868,2025-06-12 20:27:34.874,30.96795159792734,0.8810662109374999,1.9871873779296874,3.5625720703124997,19.557251908396946,-33.267175572519086,-17.236641221374047,7.81171875,53.255859375,-62.148046875,
1749734854.8878474,2025-06-12 20:27:34.887,31.543025728576993,-15.136142895507811,-7.0844427124023435,11.784260571289062,17.549618320610687,-19.27480916030534,4.267175572519084,6.9240234375,52.0048828125,-64.72324218749999,80.59861451934484
1749734854.9043026,2025-06-12 20:27:34.904,31.590948572797796,4.465186096191406,4.414907861328125,8.911218579101561,7.916030534351145,-2.1374045801526718,4.908396946564886,7.279101562499999,52.3623046875,-63.3498046875,
1749734854.9176087,2025-06-12 20:27:34.917,30.96795159792734,0.9121908325195311,5.1523219726562495,6.047753393554687,-6.969465648854962,13.893129770992367,-3.816793893129771,7.9892578125,53.0771484375,-64.0365234375,
1749734854.930659,2025-06-12 20:27:34.930,31.01587444214814,3.584119885253906,-2.4349030883789062,13.79000301208496,35.778625954198475,56.25190839694657,-11.389312977099237,6.39140625,52.541015625,-63.178124999999994,
1749734854.945318,2025-06-12 20:27:34.945,32.30979123610986,-3.284844677734375,4.599261389160156,3.6750995483398436,12.67175572519084,-2.183206106870229,-6.4961832061068705,7.1015625,51.826171875,-63.178124999999994,
1749734854.958218,2025-06-12 20:27:34.958,31.543025728576993,2.592920397949219,-2.482787121582031,14.40291863708496,-13.17557251908397,9.946564885496183,-3.6946564885496183,7.9892578125,53.0771484375,-63.693164062499996,81.92250393439205
1749734854.9749274,2025-06-12 20:27:34.974,31.73471710546021,8.59997236328125,2.3774422485351563,6.169857678222656,14.717557251908397,-7.038167938931298,1.9770992366412214,8.521875,52.541015625,-63.521484375,
1749734854.9879825,2025-06-12 20:27:34.987,31.447180040135382,-6.339845996093749,9.888052856445311,-1.3862427612304686,17.206106870229007,-20.83206106870229,2.3435114503816794,6.5689453124999995,52.0048828125,-62.6630859375,
1749734855.0008843,2025-06-12 20:27:35.000,31.73471710546021,-12.780248461914061,-5.104437939453125,6.2584431396484375,6.183206106870229,20.137404580152673,-4.633587786259542,8.166796875,52.8984375,-63.521484375,
1749734855.013758,2025-06-12 20:27:35.013,31.447180040135382,13.249511987304686,-4.127603662109375,14.923058947753905,19.015267175572518,65.21374045801527,-0.8625954198473282,6.5689453124999995,52.7197265625,-62.6630859375,
1749734855.0266497,2025-06-12 20:27:35.026,31.590948572797796,-4.163516687011718,1.149216796875,3.2058360229492187,7.206106870229007,-46.89312977099237,1.6946564885496183,7.81171875,53.255859375,-64.208203125,
1749734855.0402212,2025-06-12 20:27:35.040,31.6388714170186,2.300827795410156,-9.737218151855469,19.61270144958496,13.389312977099237,15.221374045801527,14.725190839694656,6.036328125,51.46875,-63.86484375,
1749734855.054807,2025-06-12 20:27:35.054,31.543025728576993,-5.257666845703125,2.825157958984375,-2.9831752685546875,-4.366412213740458,-8.82442748091603,-0.7862595419847328,6.9240234375,52.3623046875,-64.72324218749999,
1749734855.0678976,2025-06-12 20:27:35.067,31.73471710546021,-19.59893479003906,-3.7397429931640622,-4.486733911132812,-15.091603053435115,-43.41984732824427,-3.3282442748091605,7.279101562499999,54.1494140625,-63.693164062499996,
1749734855.0809271,2025-06-12 20:27:35.080,32.21394554766825,-4.398148449707031,-2.844311572265625,14.542380883789061,21.84732824427481,-53.16030534351145,-2.33587786259542,7.279101562499999,52.0048828125,-63.3498046875,
1749734855.0938675,2025-06-12 20:27:35.093,31.6388714170186,10.290278735351562,11.111489904785156,13.393164086914062,3.2442748091603053,-44.43511450381679,2.7480916030534353,6.39140625,52.541015625,-63.521484375,
1749734855.106759,2025-06-12 20:27:35.106,31.447180040135382,-8.245630517578125,1.189918225097656,2.693476867675781,2.595419847328244,-9.473282442748092,-11.061068702290076,7.81171875,50.75390625,-62.834765624999996,
1749734855.120207,2025-06-12 20:27:35.120,30.96795159792734,-5.820304235839844,-7.40526573486328,17.87510959472656,2.8396946564885495,4.213740458015267,9.19083969465649,7.6341796875,52.7197265625,-64.0365234375,
1749734855.1335945,2025-06-12 20:27:35.133,31.6388714170186,5.95677373046875,-0.43574470214843747,10.386046801757812,-5.572519083969466,-1.0458015267175573,-1.4198473282442747,6.2138671875,52.3623046875,-63.693164062499996,
1749734855.1466942,2025-06-12 20:27:35.146,32.16602270344745,-13.304578625488281,-3.4931402221679684,-1.37906015625,-3.0610687022900764,10.84732824427481,-16.801526717557252,6.746484375,53.255859375,-63.178124999999994,
1749734855.1614883,2025-06-12 20:27:35.161,32.07017701500584,3.9695863525390624,-4.69263525390625,18.121712365722654,2.6946564885496183,-17.404580152671755,2.8244274809160306,6.5689453124999995,52.7197265625,-64.3798828125,
1749734855.1750374,2025-06-12 20:27:35.175,31.782639949681013,-13.213598962402344,4.077325427246094,6.667851623535156,11.091603053435115,14.16793893129771,2.801526717557252,5.6812499999999995,51.826171875,-63.86484375,
1749734855.1894164,2025-06-12 20:27:35.189,31.447180040135382,-7.278373046874999,2.5617957763671875,-0.028730419921875,0.3816793893129771,23.137404580152673,-8.83206106870229,7.1015625,52.541015625,-63.521484375,
1749734855.2033136,2025-06-12 20:27:35.203,31.73471710546021,-5.858611462402344,-7.299920861816406,13.613430639648437,32.29770992366412,-9.213740458015268,1.8702290076335877,5.8587890625,49.8603515625,-64.3798828125,
1749734855.217123,2025-06-12 20:27:35.217,31.73471710546021,-3.4069489624023435,6.7037646484375,8.8872765625,10.267175572519085,12.564885496183207,4.229007633587786,8.3443359375,52.0048828125,-62.6630859375,
1749734855.2306802,2025-06-12 20:27:35.230,31.447180040135382,-9.811438403320311,1.2378022583007813,3.6248213134765623,-2.8091603053435112,-49.11450381679389,-11.320610687022901,7.4566406249999995,52.18359375,-62.834765624999996,
1749734855.2448099,2025-06-12 20:27:35.244,30.96795159792734,7.321468676757812,-4.53940634765625,19.61270144958496,12.908396946564885,49.29770992366412,4.526717557251908,8.521875,50.396484375,-65.23828125,
1749734855.258593,2025-06-12 20:27:35.258,31.590948572797796,-17.846379174804685,5.705382556152343,-2.5737667846679684,9.625954198473282,-31.671755725190838,1.9618320610687023,8.3443359375,53.7919921875,-63.0064453125,
1749734855.274219,2025-06-12 20:27:35.274,31.543025728576993,-2.461239306640625,0.22026655273437498,15.270218188476562,-0.8625954198473282,10.267175572519085,-7.106870229007634,7.81171875,53.970703125,-64.208203125,
1749734855.2888536,2025-06-12 20:27:35.288,31.543025728576993,-0.3902548706054687,-5.899312890625,0.7900865478515624,26.267175572519083,-38.79389312977099,-11.274809160305344,6.39140625,52.8984375,-63.86484375,
1749734855.3026729,2025-06-12 20:27:35.302,30.96795159792734,-5.614402893066406,-2.8610709838867185,11.01332763671875,-0.8396946564885496,-2.549618320610687,4.541984732824427,7.81171875,51.826171875,-63.178124999999994,
1749734855.3162687,2025-06-12 20:27:35.316,31.73471710546021,-6.653486413574218,-5.942408520507812,14.554351892089842,5.061068702290076,-19.702290076335878,-3.564885496183206,5.5037109375,50.9326171875,-62.6630859375,
1749734855.3298907,2025-06-12 20:27:35.329,31.543025728576993,5.046977099609375,-0.6153098266601562,8.489839086914062,26.31297709923664,101.6030534351145,1.6412213740458015,7.9892578125,52.0048828125,-63.3498046875,
1749734855.3437486,2025-06-12 20:27:35.343,31.543025728576993,0.1867477294921875,4.771643908691406,0.3854664672851562,11.068702290076336,-30.221374045801525,-0.6564885496183206,6.746484375,52.18359375,-63.86484375,
1749734855.3575742,2025-06-12 20:27:35.357,32.21394554766825,-2.0254946044921875,-7.323862878417969,19.01235538330078,20.396946564885496,19.099236641221374,11.305343511450381,8.521875,49.681640625,-63.86484375,
1749734855.3711672,2025-06-12 20:27:35.371,31.73471710546021,4.256890551757812,10.963049401855468,-0.13407529296874998,-2.572519083969466,24.31297709923664,-8.67175572519084,8.3443359375,52.3623046875,-63.3498046875,
1749734855.3863127,2025-06-12 20:27:35.386,31.590948572797796,-7.165845568847656,-3.6343981201171873,18.090587744140624,-14.358778625954198,13.641221374045802,-0.4198473282442748,7.81171875,51.826171875,-65.925,
1749734855.4007545,2025-06-12 20:27:35.400,31.447180040135382,-3.9935283691406247,-1.5921441040039062,9.610325463867188,4.679389312977099,-5.488549618320611,-7.755725190839694,7.81171875,51.46875,-63.86484375,
1749734855.4144537,2025-06-12 20:27:35.414,31.30341150747297,-5.528211633300781,0.10295067138671875,-0.8068459594726562,2.267175572519084,-40.83969465648855,-1.8091603053435115,8.3443359375,54.5068359375,-63.0064453125,
1749734855.4283319,2025-06-12 20:27:35.428,31.543025728576993,12.962207788085937,-4.948814831542968,8.808267907714843,8.01526717557252,4.900763358778626,-5.526717557251908,7.4566406249999995,53.61328125,-64.208203125,
1749734855.442228,2025-06-12 20:27:35.442,31.6388714170186,-14.954183569335937,-6.5409589355468745,-0.7876923461914062,29.0,-31.49618320610687,-3.4656488549618323,8.521875,51.46875,-64.208203125,
1749734855.4558854,2025-06-12 20:27:35.455,32.30979123610986,-5.303156677246093,8.978256225585938,9.157821350097656,-6.351145038167939,49.213740458015266,6.740458015267175,6.9240234375,53.7919921875,-62.319726562499994,
1749734855.4694717,2025-06-12 20:27:35.469,31.6388714170186,-1.7884686401367187,-5.363011718749999,10.036493359375,21.900763358778626,-22.717557251908396,-19.412213740458014,7.4566406249999995,51.826171875,-63.86484375,
1749734855.4831614,2025-06-12 20:27:35.483,31.447180040135382,-10.560823522949217,-6.4092778442382805,13.895946435546874,13.969465648854962,30.106870229007633,2.66412213740458,7.81171875,50.396484375,-64.5515625,
1749734855.4968174,2025-06-12 20:27:35.496,31.01587444214814,-2.920926025390625,1.5322890624999999,4.752490295410156,8.969465648854962,11.877862595419847,-3.6793893129770994,6.9240234375,52.3623046875,-64.0365234375,
1749734855.5117037,2025-06-12 20:27:35.511,32.30979123610986,-5.317521887207031,-6.124367846679687,16.5870291015625,0.6946564885496184,-35.908396946564885,-3.2595419847328246,7.9892578125,53.0771484375,-63.693164062499996,
1749734855.525842,2025-06-12 20:27:35.525,31.543025728576993,-2.1164742675781247,-0.35673604736328124,5.0948611328124995,2.4580152671755724,-41.961832061068705,-9.679389312977099,7.4566406249999995,52.541015625,-63.178124999999994,
1749734855.5402107,2025-06-12 20:27:35.540,32.21394554766825,-9.423577734375,1.9584569580078124,-1.7980454467773437,-5.793893129770993,3.122137404580153,-5.656488549618321,7.6341796875,54.5068359375,-64.0365234375,
1749734855.5541925,2025-06-12 20:27:35.554,31.447180040135382,-5.700594152832031,-5.322310290527343,11.659762084960937,15.419847328244275,-14.374045801526718,-0.9923664122137404,7.9892578125,50.9326171875,-62.6630859375,
1749734855.5674982,2025-06-12 20:27:35.567,31.30341150747297,-1.3455413330078123,0.6296750366210937,12.847286108398437,14.717557251908397,52.83206106870229,2.267175572519084,6.39140625,52.8984375,-63.521484375,
1749734855.5813117,2025-06-12 20:27:35.581,30.96795159792734,-6.768408093261718,0.7852981445312499,-0.05027823486328125,3.8931297709923665,6.083969465648855,-4.4961832061068705,7.9892578125,52.7197265625,-64.3798828125,
1749734855.5950587,2025-06-12 20:27:35.595,31.159642974810556,-6.89530078125,-6.205770703124999,19.177555297851562,23.595419847328245,-14.34351145038168,4.6106870229007635,6.5689453124999995,51.2900390625,-63.3498046875,
1749734855.6085095,2025-06-12 20:27:35.608,31.6388714170186,2.2936451904296873,0.0143652099609375,8.765172277832031,18.35114503816794,11.908396946564885,10.961832061068701,6.2138671875,52.3623046875,-64.72324218749999,83.36690873796792
1749734855.6268015,2025-06-12 20:27:35.626,31.543025728576993,4.673481640625,0.3232172241210937,2.5378537597656248,-0.6564885496183206,-78.61068702290076,-9.717557251908397,6.746484375,52.18359375,-65.23828125,
1749734855.6399076,2025-06-12 20:27:35.639,31.447180040135382,-4.80755693359375,-5.839457849121094,11.990161914062499,3.2290076335877864,22.404580152671755,3.3282442748091605,7.4566406249999995,51.111328125,-63.178124999999994,80.03423580823316
1749734855.6564617,2025-06-12 20:27:35.656,30.96795159792734,4.393360046386719,0.59376201171875,9.665392102050781,-3.66412213740458,-16.114503816793892,1.9694656488549618,8.521875,53.255859375,-63.521484375,
1749734855.6694274,2025-06-12 20:27:35.669,30.96795159792734,-4.948814831542968,0.6081272216796875,19.476830505371094,-15.068702290076336,30.9618320610687,1.4809160305343512,7.4566406249999995,50.75390625,-63.521484375,
1749734855.6823423,2025-06-12 20:27:35.682,32.40563692455147,-7.170633972167968,1.5969325073242187,-1.5514426757812498,37.343511450381676,-69.3969465648855,-15.274809160305344,8.521875,51.111328125,-62.834765624999996,
1749734855.69553,2025-06-12 20:27:35.695,31.447180040135382,-7.785943798828124,4.144363073730468,2.7174188842773437,6.679389312977099,-11.534351145038167,-2.946564885496183,6.036328125,53.61328125,-63.178124999999994,
1749734855.7094746,2025-06-12 20:27:35.709,31.6388714170186,-10.687716210937499,-7.800309008789062,16.2422640625,10.969465648854962,3.3893129770992365,5.221374045801527,7.279101562499999,52.0048828125,-63.0064453125,82.08979429558318
1749734855.7280753,2025-06-12 20:27:35.728,32.357714080330666,18.823213452148437,12.04044014892578,10.771513269042968,7.603053435114504,14.267175572519085,-2.2442748091603053,7.4566406249999995,52.541015625,-64.208203125,
1749734855.7417247,2025-06-12 20:27:35.741,31.6388714170186,-16.883910107421872,2.205059729003906,-1.0630255371093749,2.8702290076335877,31.6793893129771,-6.984732824427481,7.279101562499999,51.6474609375,-63.0064453125,
1749734855.755456,2025-06-12 20:27:35.755,31.6388714170186,8.504204296874999,-1.7836802368164062,18.646042529296874,48.12977099236641,9.816793893129772,-3.7938931297709924,8.166796875,52.8984375,-64.208203125,
1749734855.7686465,2025-06-12 20:27:35.768,32.357714080330666,-0.4070142822265625,8.59997236328125,4.608838195800781,3.3893129770992365,-33.50381679389313,2.312977099236641,5.8587890625,51.2900390625,-64.3798828125,
1749734855.7817452,2025-06-12 20:27:35.781,31.447180040135382,4.994304663085937,-4.759672900390624,12.502521069335936,0.9618320610687023,6.595419847328245,-3.045801526717557,8.699414062499999,50.9326171875,-63.3498046875,
1749734855.7946944,2025-06-12 20:27:35.794,30.96795159792734,1.5490484741210937,-4.910507604980468,12.74912384033203,11.931297709923664,-48.49618320610687,10.458015267175572,,,,83.7010480114932
1749734855.80715,2025-06-12 20:27:35.807,31.447180040135382,0.9576806640625,4.958391638183594,14.425065002441405,2.33587786259542,47.31297709923664,8.16793893129771,7.4566406249999995,52.8984375,-62.148046875,
1749734855.8193882,2025-06-12 20:27:35.819,31.590948572797796,-6.299144567871093,2.2385785522460937,6.430825659179687,-8.854961832061068,27.458015267175572,3.0916030534351147,7.6341796875,52.7197265625,-64.0365234375,
1749734855.8315752,2025-06-12 20:27:35.831,31.447180040135382,-2.9951462768554684,-1.7597382202148437,19.61270144958496,26.48854961832061,43.038167938931295,9.274809160305344,7.9892578125,51.6474609375,-64.3798828125,
1749734855.8442817,2025-06-12 20:27:35.844,32.30979123610986,6.694187841796874,4.149151477050781,0.7158662963867187,-1.3053435114503817,7.122137404580153,-4.625954198473282,,,,
1749734855.8538961,2025-06-12 20:27:35.853,31.447180040135382,-19.59893479003906,-11.504138977050781,3.4548329956054684,5.465648854961832,22.68702290076336,-7.8396946564885495,6.2138671875,53.7919921875,-62.319726562499994,
1749734855.866081,2025-06-12 20:27:35.866,31.543025728576993,-5.968744738769531,-4.218583325195312,5.971138940429687,2.9160305343511452,-87.62595419847328,1.5267175572519085,8.166796875,51.111328125,-63.521484375,
1749734855.878286,2025-06-12 20:27:35.878,31.73471710546021,8.386888415527343,-3.1507693847656246,18.772935217285156,12.709923664122137,30.763358778625953,-13.007633587786259,6.5689453124999995,52.7197265625,-64.0365234375,
1749734855.8905337,2025-06-12 20:27:35.890,31.782639949681013,-9.04050546875,1.5035586425781249,12.69166300048828,2.618320610687023,50.541984732824424,4.465648854961832,7.1015625,51.826171875,-63.178124999999994,
1749734855.9027548,2025-06-12 20:27:35.902,31.590948572797796,0.8283937744140625,0.8954314208984374,13.050793249511718,-8.725190839694656,-69.45801526717557,-3.900763358778626,8.166796875,52.541015625,-63.86484375,
1749734855.9149632,2025-06-12 20:27:35.914,31.926408482343426,11.81059678955078,-0.3327940307617187,19.558233361816406,28.022900763358777,-2.549618320610687,-1.297709923664122,,,,82.73193073423757
1749734855.9272075,2025-06-12 20:27:35.927,32.357714080330666,-9.548076220703125,6.9527616210937495,2.2601263671875,13.022900763358779,31.435114503816795,3.213740458015267,5.8587890625,53.4345703125,-62.319726562499994,
1749734855.9399335,2025-06-12 20:27:35.939,30.96795159792734,0.1771709228515625,-2.123656872558594,7.668627917480468,1.5190839694656488,6.374045801526718,-4.175572519083969,6.746484375,52.8984375,-63.521484375,
1749734855.9550307,2025-06-12 20:27:35.955,31.447180040135382,-3.744531396484375,-2.913743420410156,12.741941235351561,15.450381679389313,-12.587786259541986,2.717557251908397,7.81171875,51.46875,-63.86484375,
1749734855.9691112,2025-06-12 20:27:35.969,31.782639949681013,4.089296435546875,4.414907861328125,11.470620153808593,1.7404580152671756,69.53435114503817,4.793893129770993,7.4566406249999995,53.61328125,-63.86484375,
1749734855.9829123,2025-06-12 20:27:35.982,31.590948572797796,8.990227233886719,-3.1866824096679687,19.61270144958496,-0.6412213740458015,16.83206106870229,-6.6183206106870225,5.8587890625,52.3623046875,-63.693164062499996,
1749734855.9965136,2025-06-12 20:27:35.996,32.21394554766825,-1.4987702392578124,3.0214824951171875,1.7788918334960937,37.66412213740458,-61.81679389312977,-9.221374045801527,6.036328125,52.18359375,-64.5515625,
1749734856.0101655,2025-06-12 20:27:36.010,30.96795159792734,-10.572794531249999,11.85608662109375,4.201823913574218,17.68702290076336,20.14503816793893,-4.824427480916031,7.279101562499999,52.3623046875,-63.693164062499996,82.46731006903354
1749734856.0277545,2025-06-12 20:27:36.027,32.357714080330666,-10.39322940673828,-1.8555062866210936,16.436194396972656,10.740458015267176,-29.755725190839694,5.679389312977099,7.6341796875,52.3623046875,-64.72324218749999,
1749734856.041449,2025-06-12 20:27:36.041,31.782639949681013,6.909665991210937,0.7924807495117187,7.915230688476562,2.114503816793893,-6.366412213740458,3.045801526717557,6.036328125,51.46875,-63.86484375,
1749734856.0552876,2025-06-12 20:27:36.055,31.543025728576993,-6.236895324707031,-0.22505495605468748,5.475539196777343,-10.099236641221374,-69.21374045801527,-2.83206106870229,6.5689453124999995,53.0771484375,-63.3498046875,
1749734856.070464,2025-06-12 20:27:36.070,31.590948572797796,-2.0446482177734375,-1.8315642700195311,17.132907080078123,17.38167938931298,0.8854961832061069,5.305343511450381,7.1015625,51.826171875,-63.521484375,
1749734856.0840828,2025-06-12 20:27:36.084,31.01587444214814,0.2059013427734375,2.896984008789062,5.635950708007812,-17.81679389312977,0.4580152671755725,4.458015267175573,7.279101562499999,53.7919921875,-63.3498046875,
1749734856.0979238,2025-06-12 20:27:36.097,31.6388714170186,-14.906299536132812,3.265691064453125,8.224082702636718,12.48091603053435,-28.984732824427482,-25.389312977099237,8.699414062499999,52.0048828125,-62.6630859375,
1749734856.111675,2025-06-12 20:27:36.111,32.16602270344745,18.825607653808593,-1.714248388671875,14.09646082458496,16.106870229007633,44.099236641221374,7.931297709923665,7.1015625,51.111328125,-64.5515625,
1749734856.1261337,2025-06-12 20:27:36.126,32.357714080330666,-9.878476049804688,0.45010991210937495,-6.040570788574218,-0.26717557251908397,-46.25190839694657,-6.770992366412214,7.4566406249999995,52.18359375,-63.178124999999994,
1749734856.1400063,2025-06-12 20:27:36.140,31.73471710546021,-4.618415002441406,-3.0693665283203124,16.33084952392578,3.122137404580153,-31.236641221374047,-6.259541984732825,8.521875,51.46875,-64.208203125,
1749734856.1537104,2025-06-12 20:27:36.153,32.21394554766825,19.56781016845703,-1.419761584472656,16.067487341308592,14.473282442748092,78.87786259541984,-2.015267175572519,5.1486328125,51.6474609375,-63.0064453125,
1749734856.1673517,2025-06-12 20:27:36.167,31.6388714170186,-6.169857678222656,3.883395092773437,1.6112977172851561,22.519083969465647,-12.236641221374045,-14.076335877862595,6.5689453124999995,52.0048828125,-64.3798828125,
1749734856.1824152,2025-06-12 20:27:36.182,32.30979123610986,4.173093493652344,-2.655169641113281,19.52950294189453,1.7099236641221374,20.862595419847327,-2.50381679389313,6.746484375,52.8984375,-63.86484375,
1749734856.1962595,2025-06-12 20:27:36.196,31.543025728576993,8.379705810546875,4.544194750976562,6.418854650878906,-0.7938931297709924,-19.99236641221374,1.8702290076335877,6.5689453124999995,52.3623046875,-63.0064453125,
1749734856.2098732,2025-06-12 20:27:36.209,32.357714080330666,-7.970297326660156,-2.365471240234375,-2.3511060302734372,6.549618320610687,42.88549618320611,-5.679389312977099,6.5689453124999995,52.0048828125,-63.0064453125,
1749734856.2236385,2025-06-12 20:27:36.223,31.01587444214814,17.609353210449218,-4.790797521972656,19.61270144958496,34.62595419847328,-12.549618320610687,8.977099236641221,8.3443359375,53.0771484375,-64.3798828125,
1749734856.2377167,2025-06-12 20:27:36.237,31.01587444214814,-2.4133552734375,6.074089611816406,9.892841259765625,2.969465648854962,43.3206106870229,13.404580152671755,6.9240234375,53.0771484375,-64.0365234375,
1749734856.2515068,2025-06-12 20:27:36.251,31.590948572797796,5.130774157714844,1.6065093139648436,15.966930871582031,-5.022900763358779,20.198473282442748,-5.893129770992366,7.9892578125,52.3623046875,-64.72324218749999,
1749734856.2653332,2025-06-12 20:27:36.265,32.21394554766825,-10.273519323730468,-3.9743747558593747,7.948749511718749,4.465648854961832,-34.06870229007634,-6.00763358778626,6.036328125,52.18359375,-63.178124999999994,
1749734856.2793136,2025-06-12 20:27:36.279,31.447180040135382,1.1755530151367186,2.5546131713867184,8.475473876953124,3.3740458015267176,11.251908396946565,0.16793893129770993,8.166796875,52.8984375,-61.8046875,
1749734856.2951107,2025-06-12 20:27:36.295,32.21394554766825,-6.770802294921874,-1.4245499877929686,6.248866333007812,-0.8320610687022901,36.88549618320611,-7.870229007633588,8.699414062499999,52.7197265625,-62.6630859375,
1749734856.3090594,2025-06-12 20:27:36.309,31.590948572797796,-4.477157104492187,-3.3016040893554686,8.894459167480468,20.83969465648855,-47.35114503816794,-4.480916030534351,7.6341796875,53.0771484375,-64.0365234375,
1749734856.3226585,2025-06-12 20:27:36.322,30.96795159792734,-0.9121908325195311,-0.16519991455078123,16.443377001953124,-7.717557251908397,-5.343511450381679,2.9083969465648853,7.81171875,53.255859375,-64.208203125,
1749734856.3364177,2025-06-12 20:27:36.336,31.447180040135382,-9.945513696289062,0.7924807495117187,9.323021264648437,-4.122137404580153,-30.916030534351144,-1.381679389312977,6.746484375,52.18359375,-64.5515625,
1749734856.3500082,2025-06-12 20:27:36.350,31.543025728576993,-8.643067993164061,-1.7357962036132812,12.907141149902342,12.65648854961832,78.36641221374046,-4.580152671755725,6.39140625,52.541015625,-63.178124999999994,
1749734856.363566,2025-06-12 20:27:36.363,30.96795159792734,-4.809951135253906,1.7286135986328124,7.151480358886718,-6.641221374045801,-82.30534351145039,3.8244274809160306,6.9240234375,52.0048828125,-63.693164062499996,
1749734856.3770802,2025-06-12 20:27:36.377,32.21394554766825,-12.524068884277343,-2.73896669921875,18.51436143798828,24.893129770992367,34.3206106870229,9.938931297709924,7.1015625,51.111328125,-64.208203125,
1749734856.3906357,2025-06-12 20:27:36.390,31.590948572797796,2.499546533203125,4.024652990722656,5.322310290527343,12.580152671755725,46.74045801526717,-4.847328244274809,7.6341796875,51.6474609375,-62.6630859375,
1749734856.405793,2025-06-12 20:27:36.405,31.6388714170186,14.362815759277343,-1.8219874633789062,17.317260607910157,-12.427480916030534,-8.290076335877863,-3.6259541984732824,,,,81.44000824257638
1749734856.419539,2025-06-12 20:27:36.419,32.357714080330666,2.829946362304687,-1.8076222534179687,14.875174914550781,7.343511450381679,35.06106870229008,4.9541984732824424,9.23203125,51.46875,-65.925,
1749734856.433679,2025-06-12 20:27:36.433,32.40563692455147,-4.096479040527344,-0.51714755859375,4.340687609863281,9.893129770992367,-30.206106870229007,-5.175572519083969,6.9240234375,52.3623046875,-63.0064453125,
1749734856.4477246,2025-06-12 20:27:36.447,31.73471710546021,0.6200982299804687,0.8403647827148437,6.449979272460937,-3.3969465648854964,-6.312977099236641,-5.625954198473282,6.39140625,54.328125,-65.23828125,
1749734856.4615872,2025-06-12 20:27:36.461,31.590948572797796,-13.091494677734374,-3.816357446289062,14.695609790039061,22.267175572519083,45.587786259541986,-10.312977099236642,7.279101562499999,51.6474609375,-64.3798828125,83.82859588510541
1749734856.4793415,2025-06-12 20:27:36.479,32.21394554766825,-11.403582507324218,-0.10295067138671875,-3.337517114257812,-5.66412213740458,-31.83206106870229,-2.3206106870229006,7.81171875,53.255859375,-62.834765624999996,
1749734856.4929132,2025-06-12 20:27:36.492,31.01587444214814,0.9433154541015625,0.11013327636718749,17.650054638671875,11.389312977099237,-27.64885496183206,-3.7938931297709924,6.036328125,50.75390625,-63.86484375,
1749734856.506565,2025-06-12 20:27:36.506,31.543025728576993,8.149862451171874,3.957615344238281,9.94072529296875,0.022900763358778626,63.05343511450382,-3.8091603053435112,7.4566406249999995,52.18359375,-63.178124999999994,
1749734856.5217013,2025-06-12 20:27:36.521,31.30341150747297,8.750807067871094,-0.2442085693359375,6.505045910644531,7.061068702290076,-25.786259541984734,-8.282442748091603,7.81171875,52.541015625,-63.86484375,
1749734856.535702,2025-06-12 20:27:36.535,32.357714080330666,-19.563021765136718,-5.4013189453125,13.651737866210937,21.931297709923665,-17.47328244274809,2.045801526717557,7.1015625,49.681640625,-62.49140625,
1749734856.5496016,2025-06-12 20:27:36.549,31.782639949681013,4.800374328613281,6.320692382812499,7.601590270996093,9.0,-5.068702290076335,-5.702290076335878,6.9240234375,51.2900390625,-63.3498046875,
1749734856.5627882,2025-06-12 20:27:36.562,31.01587444214814,1.8028338500976562,-4.716577270507813,7.017405065917968,5.206106870229007,16.061068702290076,3.053435114503817,6.5689453124999995,53.0771484375,-64.3798828125,
1749734856.576917,2025-06-12 20:27:36.576,30.96795159792734,-2.722207287597656,-4.754884497070313,15.174450122070311,2.4732824427480917,-47.42748091603053,13.396946564885496,7.4566406249999995,52.18359375,-63.178124999999994,
1749734856.590548,2025-06-12 20:27:36.590,32.21394554766825,-0.9888052856445312,-0.47644613037109373,9.713276135253906,22.14503816793893,28.114503816793892,2.0229007633587788,6.9240234375,51.6474609375,-64.3798828125,
1749734856.6041894,2025-06-12 20:27:36.604,31.73471710546021,-8.394071020507813,0.7493851196289062,-0.9935936889648437,-7.33587786259542,-42.87786259541985,3.122137404580153,6.036328125,53.970703125,-63.521484375,
1749734856.6177588,2025-06-12 20:27:36.617,31.782639949681013,-19.474436303710938,-2.5665841796874997,14.86260535583496,26.137404580152673,-121.87786259541984,0.8091603053435115,6.9240234375,51.2900390625,-63.693164062499996,
1749734856.633285,2025-06-12 20:27:36.633,31.73471710546021,-8.188169677734374,3.754108203125,5.030217687988281,15.061068702290076,49.70229007633588,11.099236641221374,7.81171875,53.970703125,-63.86484375,
1749734856.6471403,2025-06-12 20:27:36.647,31.543025728576993,4.3622354248046875,6.057330200195312,5.57370146484375,-0.183206106870229,2.7022900763358777,-9.282442748091603,7.6341796875,53.0771484375,-63.3498046875,
1749734856.661001,2025-06-12 20:27:36.661,31.01587444214814,3.3327287109375,-1.7573440185546874,19.596540588378904,21.64885496183206,19.69465648854962,7.1679389312977095,6.9240234375,50.9326171875,-63.693164062499996,
1749734856.674746,2025-06-12 20:27:36.674,31.447180040135382,-15.195997937011718,8.781931689453124,2.1883003173828124,22.61832061068702,27.297709923664122,-1.4427480916030535,6.036328125,53.61328125,-61.117968749999996,
1749734856.6887221,2025-06-12 20:27:36.688,30.96795159792734,11.937489477539062,-2.920926025390625,19.61270144958496,-0.8549618320610687,3.7938931297709924,-7.809160305343512,6.39140625,52.8984375,-62.49140625,
1749734856.7021625,2025-06-12 20:27:36.702,31.543025728576993,-16.060304736328124,-3.1100679565429687,9.105148913574219,3.519083969465649,-10.748091603053435,7.2748091603053435,6.9240234375,52.0048828125,-63.0064453125,
1749734856.715315,2025-06-12 20:27:36.715,31.782639949681013,-4.441244079589843,1.2521674682617188,4.146757275390625,2.213740458015267,20.740458015267176,2.427480916030534,7.1015625,52.18359375,-63.521484375,
1749734856.728193,2025-06-12 20:27:36.728,31.447180040135382,0.9409212524414062,0.028730419921875,15.701174487304687,-0.6793893129770993,-8.274809160305344,-8.603053435114504,7.279101562499999,51.2900390625,-63.3498046875,
1749734856.7427733,2025-06-12 20:27:36.742,30.96795159792734,1.5179238525390624,4.149151477050781,8.034940771484374,27.015267175572518,-3.2213740458015265,10.717557251908397,5.8587890625,50.9326171875,-62.6630859375,
1749734856.755997,2025-06-12 20:27:36.755,31.782639949681013,-10.551246716308594,1.656787548828125,2.0063409912109376,5.366412213740458,-39.19083969465649,9.335877862595419,8.166796875,52.18359375,-64.208203125,
1749734856.7689528,2025-06-12 20:27:36.768,31.782639949681013,-6.919242797851562,-2.901772412109375,19.469647900390623,15.511450381679388,37.3206106870229,2.030534351145038,7.81171875,51.826171875,-64.894921875,
1749734856.7821872,2025-06-12 20:27:36.782,31.01587444214814,-3.7804444213867185,1.707065783691406,7.240065820312499,8.022900763358779,29.84732824427481,-0.32061068702290074,7.6341796875,52.0048828125,-63.693164062499996,
1749734856.7952986,2025-06-12 20:27:36.795,32.40563692455147,-14.698003991699219,-4.295197778320312,-0.6655880615234374,8.114503816793894,-47.61068702290076,-8.083969465648854,7.9892578125,53.4345703125,-64.3798828125,
1749734856.8082552,2025-06-12 20:27:36.808,31.543025728576993,-0.4165910888671875,-5.748478186035156,14.037204333496092,2.4122137404580153,-54.37404580152672,-1.9389312977099236,7.81171875,50.75390625,-64.894921875,
1749734856.821148,2025-06-12 20:27:36.821,32.30979123610986,5.4515971801757805,0.14125789794921875,12.028469140624999,11.786259541984732,11.931297709923664,15.0,9.587109374999999,52.18359375,-63.521484375,
1749734856.8349092,2025-06-12 20:27:36.834,32.357714080330666,-19.570204370117185,1.0845733520507812,-3.83072265625,0.3282442748091603,19.572519083969464,-1.6870229007633588,9.0544921875,53.0771484375,-63.0064453125,
1749734856.849897,2025-06-12 20:27:36.849,31.01587444214814,-10.01733974609375,-2.157175695800781,14.171279626464843,30.198473282442748,0.3053435114503817,-10.778625954198473,6.39140625,51.826171875,-63.86484375,
1749734856.8642156,2025-06-12 20:27:36.864,31.159642974810556,18.193538415527343,10.733206042480468,12.97178459472656,-0.9770992366412213,-15.030534351145038,-3.068702290076336,6.9240234375,52.7197265625,-64.3798828125,
1749734856.8777175,2025-06-12 20:27:36.877,32.40563692455147,-5.274426257324219,1.608903515625,9.804255798339844,-15.541984732824428,-15.755725190839694,2.4580152671755724,7.1015625,52.18359375,-63.178124999999994,
1749734856.8910275,2025-06-12 20:27:36.891,31.20756581903136,9.22485899658203,0.6607996582031249,19.61270144958496,25.450381679389313,0.9770992366412213,3.5572519083969465,7.6341796875,53.7919921875,-63.693164062499996,
1749734856.9042096,2025-06-12 20:27:36.904,31.01587444214814,-19.100940844726562,8.980650427246093,-3.0454245117187497,9.610687022900763,32.961832061068705,-7.923664122137405,7.1015625,52.18359375,-63.86484375,
1749734856.9171963,2025-06-12 20:27:36.917,31.543025728576993,13.80257257080078,-0.3495534423828125,13.376404675292967,-4.511450381679389,-86.5114503816794,-10.877862595419847,,,,80.72514746387837
1749734856.9305503,2025-06-12 20:27:36.930,31.6388714170186,1.8243816650390623,1.0749965454101562,19.46007109375,26.236641221374047,48.33587786259542,0.32061068702290074,6.5689453124999995,52.0048828125,-63.693164062499996,
1749734856.9437282,2025-06-12 20:27:36.943,32.357714080330666,1.0989385620117187,12.366051574707031,0.7781155395507812,15.923664122137405,-54.13740458015267,5.977099236641221,6.9240234375,52.0048828125,-62.6630859375,82.56761857929162
1749734856.962084,2025-06-12 20:27:36.962,31.543025728576993,-11.468225952148437,-5.334281298828125,17.72427489013672,11.778625954198473,23.366412213740457,-1.0381679389312977,7.1015625,52.18359375,-63.178124999999994,
1749734856.9757314,2025-06-12 20:27:36.975,32.357714080330666,4.261678955078125,10.060435375976562,3.881000891113281,1.2213740458015268,17.419847328244273,-1.4885496183206106,6.5689453124999995,52.3623046875,-63.3498046875,
1749734856.989125,2025-06-12 20:27:36.989,31.782639949681013,2.7629087158203123,-0.028730419921875,6.337451794433593,-8.274809160305344,-68.0,0.6030534351145038,7.1015625,53.61328125,-63.178124999999994,
1749734857.0021343,2025-06-12 20:27:37.002,31.01587444214814,-18.926164123535155,-4.604049792480469,16.792930444335937,12.549618320610687,5.267175572519084,-11.458015267175572,7.1015625,52.541015625,-64.208203125,
1749734857.0160341,2025-06-12 20:27:37.016,31.543025728576993,9.916783276367187,1.4891934326171874,9.380482104492186,0.20610687022900764,-34.29770992366412,-4.984732824427481,6.5689453124999995,50.9326171875,-62.319726562499994,
1749734857.0296063,2025-06-12 20:27:37.029,31.063797286368946,-5.197811804199218,-2.839523168945312,1.0726023437499999,13.450381679389313,68.06870229007633,-14.763358778625955,5.5037109375,53.0771484375,-63.693164062499996,
1749734857.0430741,2025-06-12 20:27:37.043,32.357714080330666,-2.9927520751953125,-5.396530541992187,10.893617553710937,4.022900763358779,-6.633587786259542,-22.572519083969464,7.9892578125,51.2900390625,-64.72324218749999,
1749734857.0561619,2025-06-12 20:27:37.056,31.6388714170186,-4.666299035644531,2.7581203125,8.310273962402343,15.48091603053435,-8.908396946564885,1.5801526717557253,7.1015625,52.541015625,-62.834765624999996,
1749734857.0691793,2025-06-12 20:27:37.069,31.590948572797796,-4.498704919433593,1.5227122558593749,2.91134921875,-5.916030534351145,0.366412213740458,-5.580152671755725,7.9892578125,52.0048828125,-63.3498046875,
1749734857.084446,2025-06-12 20:27:37.084,31.73471710546021,-9.476250170898437,-5.858611462402344,11.891999645996092,18.549618320610687,-6.778625954198473,1.0305343511450382,7.4566406249999995,50.396484375,-64.208203125,82.08579600289774
1749734857.101013,2025-06-12 20:27:37.101,31.543025728576993,-3.7708676147460936,4.187458703613281,11.908759057617187,-1.3587786259541985,27.900763358778626,1.1374045801526718,7.9892578125,53.4345703125,-63.0064453125,
1749734857.1139812,2025-06-12 20:27:37.113,31.447180040135382,0.8092401611328125,1.7238251953125,13.129801904296874,-0.42748091603053434,57.847328244274806,-10.0,7.6341796875,52.7197265625,-63.693164062499996,
1749734857.1268816,2025-06-12 20:27:37.126,31.590948572797796,5.992686755371094,1.5610194824218748,15.595829614257811,21.80916030534351,-56.58015267175573,2.5419847328244276,6.9240234375,50.5751953125,-63.693164062499996,
1749734857.139844,2025-06-12 20:27:37.139,30.96795159792734,-10.850521923828124,7.338228088378906,5.044582897949218,14.122137404580153,29.33587786259542,-7.9465648854961835,6.39140625,51.826171875,-64.5515625,
1749734857.153207,2025-06-12 20:27:37.153,31.543025728576993,-3.1747114013671873,-3.8283284545898435,10.893617553710937,-16.412213740458014,-85.63358778625954,-0.8396946564885496,8.3443359375,52.0048828125,-63.0064453125,
1749734857.166253,2025-06-12 20:27:37.166,31.01587444214814,8.142679846191406,1.3742717529296875,17.061081030273435,10.946564885496183,61.36641221374046,-18.251908396946565,8.699414062499999,51.2900390625,-63.0064453125,
1749734857.1790843,2025-06-12 20:27:37.179,31.01587444214814,-15.421052893066406,-2.5378537597656248,-3.593696691894531,-2.7938931297709924,-111.30534351145039,0.183206106870229,7.4566406249999995,52.8984375,-63.178124999999994,
1749734857.193994,2025-06-12 20:27:37.193,31.543025728576993,-8.580818749999999,-8.40843623046875,19.52950294189453,15.358778625954198,100.09160305343511,-14.793893129770993,7.81171875,54.328125,-64.5515625,
1749734857.2073581,2025-06-12 20:27:37.207,31.543025728576993,9.200916979980468,1.4963760375976562,7.584830859375,17.671755725190838,-43.57251908396947,-0.007633587786259542,6.39140625,51.46875,-63.86484375,
1749734857.2202168,2025-06-12 20:27:37.220,31.447180040135382,-0.93852705078125,-6.488286499023437,11.104307299804686,-3.3053435114503817,46.98473282442748,0.20610687022900764,9.7646484375,52.0048828125,-64.3798828125,
1749734857.2334838,2025-06-12 20:27:37.233,30.96795159792734,-2.269703173828125,-5.5090580200195305,19.61270144958496,4.5038167938931295,-66.92366412213741,13.145038167938932,7.1015625,52.541015625,-63.178124999999994,
1749734857.2464778,2025-06-12 20:27:37.246,31.73471710546021,-0.03591302490234375,-5.193023400878906,15.593435412597655,16.923664122137403,87.6412213740458,18.786259541984734,6.746484375,53.61328125,-64.208203125,
1749734857.259912,2025-06-12 20:27:37.259,31.73471710546021,-0.7206546997070312,2.001552587890625,2.959233251953125,4.870229007633588,-68.38167938931298,-14.053435114503817,6.746484375,52.8984375,-63.521484375,
1749734857.2730954,2025-06-12 20:27:37.273,31.73471710546021,-19.6133,-4.031835595703125,13.407529296875,4.511450381679389,-1.2366412213740459,-9.488549618320612,6.036328125,52.8984375,-63.521484375,
1749734857.2862644,2025-06-12 20:27:37.286,31.01587444214814,11.499350573730467,1.8076222534179687,4.809951135253906,35.48854961832061,-29.061068702290076,2.732824427480916,6.9240234375,51.6474609375,-63.0064453125,
1749734857.3004167,2025-06-12 20:27:37.300,31.01587444214814,-1.8746598999023436,6.742071875,4.1754876953124995,-3.1068702290076335,17.755725190839694,0.12213740458015267,8.3443359375,53.0771484375,-64.3798828125,
1749734857.3136904,2025-06-12 20:27:37.313,31.782639949681013,-4.355052819824219,0.13168109130859373,16.716315991210937,24.137404580152673,1.465648854961832,-4.236641221374046,6.746484375,50.75390625,-64.208203125,
1749734857.3266516,2025-06-12 20:27:37.326,31.01587444214814,-3.7325603881835936,-0.689530078125,1.8195932617187498,13.076335877862595,-65.87786259541984,4.297709923664122,7.81171875,51.46875,-63.521484375,
1749734857.3394604,2025-06-12 20:27:37.339,31.782639949681013,3.246537451171875,-2.703053674316406,1.6328455322265625,-11.450381679389313,-63.3206106870229,13.854961832061068,5.326171875,53.255859375,-64.208203125,
1749734857.3523564,2025-06-12 20:27:37.352,31.6388714170186,1.4820108276367188,-6.074089611816406,14.168885424804687,13.083969465648854,86.4885496183206,-2.4656488549618323,5.6812499999999995,51.46875,-63.178124999999994,
1749734857.3652227,2025-06-12 20:27:37.365,32.40563692455147,-18.452112194824217,1.3096283081054687,7.228094812011718,10.465648854961833,60.49618320610687,-1.3282442748091603,5.5037109375,52.0048828125,-63.693164062499996,83.49004285929746
1749734857.381659,2025-06-12 20:27:37.381,32.40563692455147,-12.440271826171875,1.3000515014648437,-0.05746083984375,0.8854961832061069,48.47328244274809,-2.045801526717557,5.326171875,52.541015625,-63.178124999999994,
1749734857.3947527,2025-06-12 20:27:37.394,31.782639949681013,-5.65031591796875,-9.026140258789061,19.61270144958496,21.65648854961832,15.145038167938932,3.9236641221374047,6.036328125,51.46875,-64.894921875,
1749734857.4080565,2025-06-12 20:27:37.408,30.96795159792734,3.3710359375,1.4532804077148436,7.876923461914062,6.786259541984733,16.053435114503817,3.4122137404580153,8.699414062499999,53.4345703125,-63.0064453125,
1749734857.4226878,2025-06-12 20:27:37.422,30.96795159792734,-6.842628344726562,1.7956512451171873,0.5219359619140624,2.2213740458015265,25.34351145038168,-9.312977099236642,8.3443359375,53.4345703125,-63.3498046875,
1749734857.4364555,2025-06-12 20:27:37.436,31.01587444214814,5.2073886108398435,0.7350199096679687,19.61270144958496,18.6793893129771,19.221374045801525,8.679389312977099,7.4566406249999995,53.255859375,-62.49140625,
1749734857.4501195,2025-06-12 20:27:37.450,31.447180040135382,-0.6392518432617187,4.874594580078124,2.5474305664062498,7.351145038167939,-29.16030534351145,-5.374045801526718,8.699414062499999,52.3623046875,-64.72324218749999,
1749734857.4636722,2025-06-12 20:27:37.463,30.96795159792734,-2.8107927490234372,0.43574470214843747,11.812990991210937,-0.816793893129771,8.022900763358779,-9.381679389312977,6.9240234375,52.7197265625,-63.3498046875,
1749734857.4772098,2025-06-12 20:27:37.477,32.40563692455147,-12.7563064453125,-3.5314474487304683,15.610194824218748,11.412213740458014,-64.40458015267176,6.931297709923665,9.587109374999999,50.396484375,-63.521484375,
1749734857.4908454,2025-06-12 20:27:37.490,31.590948572797796,-7.8553756469726554,6.811503723144531,16.64927834472656,-1.1221374045801527,28.47328244274809,10.870229007633588,6.5689453124999995,53.4345703125,-63.0064453125,
1749734857.5044935,2025-06-12 20:27:37.504,31.6388714170186,4.077325427246094,-1.4772224243164063,12.648567370605468,-2.954198473282443,12.793893129770993,-2.099236641221374,6.2138671875,52.7197265625,-64.0365234375,
1749734857.5180666,2025-06-12 20:27:37.518,31.590948572797796,-6.3973068359375,-3.31357509765625,7.038952880859375,10.427480916030534,-23.0381679389313,9.389312977099237,5.6812499999999995,53.61328125,-63.178124999999994,
1749734857.533111,2025-06-12 20:27:37.533,32.21394554766825,-12.773065856933593,2.829946362304687,-2.0566192260742184,5.519083969465649,-18.65648854961832,-1.2213740458015268,7.279101562499999,53.7919921875,-64.0365234375,
1749734857.5466058,2025-06-12 20:27:37.546,31.447180040135382,-0.5458779785156249,-6.873752966308594,19.61270144958496,14.694656488549619,-13.427480916030534,4.870229007633588,6.39140625,52.541015625,-64.894921875,
1749734857.5595639,2025-06-12 20:27:37.559,31.6388714170186,-10.86009873046875,-1.0965443603515623,3.0310593017578125,4.877862595419847,49.045801526717554,-8.374045801526718,,,,81.92250393439205
1749734857.5725162,2025-06-12 20:27:37.572,31.83056279390182,7.206546997070312,-0.430956298828125,0.229843359375,7.33587786259542,-88.87786259541984,-7.625954198473282,10.1197265625,52.0048828125,-64.3798828125,
1749734857.5854664,2025-06-12 20:27:37.585,31.6388714170186,-10.357316381835936,-2.1715409057617188,19.61270144958496,19.870229007633586,106.97709923664122,5.099236641221374,7.279101562499999,53.4345703125,-64.72324218749999,80.92176376412888
1749734857.602609,2025-06-12 20:27:37.602,31.01587444214814,-0.3495534423828125,12.449848632812499,2.7653029174804686,1.099236641221374,28.900763358778626,4.5038167938931295,7.1015625,52.8984375,-62.148046875,
1749734857.6158345,2025-06-12 20:27:37.615,30.96795159792734,-13.737929125976562,-3.124433166503906,-2.090138049316406,8.893129770992367,8.50381679389313,-4.633587786259542,6.39140625,54.328125,-63.178124999999994,81.69966606700679
1749734857.6325233,2025-06-12 20:27:37.632,31.782639949681013,1.5921441040039062,0.3495534423828125,9.981426721191406,12.679389312977099,-51.954198473282446,-5.709923664122138,6.5689453124999995,52.7197265625,-63.693164062499996,
1749734857.6474144,2025-06-12 20:27:37.647,30.96795159792734,-16.084246752929687,9.323021264648437,4.975151049804687,-4.824427480916031,-52.67175572519084,12.244274809160306,7.279101562499999,54.5068359375,-63.0064453125,
1749734857.6605003,2025-06-12 20:27:37.660,31.6388714170186,14.30056651611328,0.5410895751953124,19.517531933593748,8.221374045801527,27.99236641221374,4.122137404580153,6.2138671875,51.6474609375,-64.3798828125,
1749734857.6738453,2025-06-12 20:27:37.673,31.782639949681013,-0.33518823242187495,-7.3094976684570305,5.559336254882812,26.72519083969466,36.62595419847328,-18.427480916030536,7.279101562499999,51.6474609375,-64.3798828125,
1749734857.686934,2025-06-12 20:27:37.686,32.40563692455147,-8.82981572265625,7.544129431152343,5.03740029296875,2.6946564885496183,-2.2061068702290076,-4.038167938931298,6.9240234375,52.3623046875,-63.3498046875,
1749734857.7001107,2025-06-12 20:27:37.700,31.6388714170186,9.710881933593749,-5.710170959472656,19.61270144958496,-7.6183206106870225,-75.80152671755725,-3.7786259541984735,5.8587890625,51.6474609375,-65.4099609375,
1749734857.7137704,2025-06-12 20:27:37.713,32.357714080330666,-4.273649963378906,2.2074539306640624,1.668758557128906,22.34351145038168,-10.16793893129771,3.2900763358778624,5.8587890625,52.0048828125,-61.976367187499996,
1749734857.7276168,2025-06-12 20:27:37.727,30.96795159792734,2.327164013671875,-0.011971008300781249,-2.5163059448242184,-15.465648854961833,-72.18320610687023,4.755725190839694,6.036328125,53.970703125,-62.834765624999996,
1749734857.7413146,2025-06-12 20:27:37.741,31.73471710546021,-19.6133,-7.060500695800781,17.32683741455078,10.236641221374045,-9.603053435114504,5.770992366412214,7.9892578125,51.6474609375,-64.0365234375,
1749734857.7559752,2025-06-12 20:27:37.755,32.21394554766825,7.694964135742187,8.82263311767578,12.641384765624998,8.778625954198473,64.07633587786259,-4.66412213740458,7.1015625,52.541015625,-63.86484375,
1749734857.768952,2025-06-12 20:27:37.768,31.782639949681013,-3.2513258544921873,-1.927332336425781,-0.05027823486328125,2.236641221374046,-60.62595419847328,6.122137404580153,6.9240234375,53.4345703125,-63.693164062499996,
1749734857.7818668,2025-06-12 20:27:37.781,30.96795159792734,2.233790148925781,-6.004657763671875,19.61270144958496,2.0229007633587788,-32.099236641221374,-5.702290076335878,8.3443359375,52.3623046875,-65.0666015625,
1749734857.7946763,2025-06-12 20:27:37.794,31.30341150747297,-10.232817895507813,-0.10295067138671875,3.8762124877929685,7.641221374045801,82.50381679389314,-1.4580152671755726,8.166796875,52.541015625,-63.178124999999994,
1749734857.8076873,2025-06-12 20:27:37.807,31.543025728576993,2.461239306640625,-3.852270471191406,-2.375048046875,18.69465648854962,-102.47328244274809,-20.50381679389313,6.746484375,53.970703125,-62.834765624999996,
1749734857.820654,2025-06-12 20:27:37.820,32.30979123610986,-1.8171990600585937,-2.1356278808593747,19.61270144958496,-7.625954198473282,66.80152671755725,-11.259541984732824,6.036328125,51.46875,-62.834765624999996,
1749734857.8336456,2025-06-12 20:27:37.833,31.782639949681013,-11.372457885742186,-0.6560112548828124,0.36631285400390623,25.786259541984734,-13.786259541984732,-10.251908396946565,7.1015625,52.18359375,-64.5515625,
1749734857.846889,2025-06-12 20:27:37.846,31.590948572797796,3.1938650146484373,0.12689268798828124,13.462595935058593,1.9618320610687023,-32.74045801526717,-0.6946564885496184,7.9892578125,52.0048828125,-63.0064453125,
1749734857.8621666,2025-06-12 20:27:37.862,31.01587444214814,-10.730811840820312,-2.0733786376953125,11.190498559570312,16.396946564885496,-28.80916030534351,15.145038167938932,6.39140625,52.541015625,-63.86484375,
1749734857.8762305,2025-06-12 20:27:37.876,32.30979123610986,-3.4835634155273434,5.49708701171875,4.13718046875,6.702290076335878,67.6030534351145,-6.824427480916031,7.279101562499999,53.7919921875,-63.0064453125,81.32491441135595
1749734857.8938074,2025-06-12 20:27:37.893,31.590948572797796,-18.21508623046875,-6.205770703124999,17.90862841796875,-3.7709923664122136,-19.748091603053435,-8.213740458015268,6.5689453124999995,52.0048828125,-64.72324218749999,
1749734857.9076624,2025-06-12 20:27:37.907,32.30979123610986,7.137115148925781,-0.9121908325195311,14.087482568359373,2.8931297709923665,64.65648854961832,4.732824427480916,7.4566406249999995,50.75390625,-63.521484375,
1749734857.9207716,2025-06-12 20:27:37.920,30.96795159792734,-19.179949499511718,2.31758720703125,3.5697546752929687,8.587786259541986,36.3206106870229,11.145038167938932,6.39140625,53.970703125,-63.178124999999994,
1749734857.9342299,2025-06-12 20:27:37.934,31.447180040135382,2.896984008789062,-4.153939880371094,19.61270144958496,4.595419847328245,-20.114503816793892,-7.190839694656488,6.5689453124999995,52.0048828125,-63.693164062499996,
1749734857.9480376,2025-06-12 20:27:37.948,31.73471710546021,11.113884106445312,-9.047688073730468,9.91438907470703,14.290076335877863,-48.61068702290076,-2.3893129770992365,5.6812499999999995,51.46875,-64.5515625,
1749734857.9621544,2025-06-12 20:27:37.962,31.73471710546021,-7.376535314941406,-2.2864625854492187,8.494627490234375,8.48091603053435,84.63358778625954,-6.374045801526718,6.5689453124999995,53.4345703125,-63.3498046875,
1749734857.9775045,2025-06-12 20:27:37.977,32.21394554766825,-6.136338854980468,-5.825092639160156,16.936582543945313,0.9618320610687023,50.69465648854962,7.0534351145038165,6.39140625,52.8984375,-63.521484375,
1749734857.9913487,2025-06-12 20:27:37.991,31.543025728576993,-11.801019982910155,4.158728283691406,5.058948107910156,14.061068702290076,91.53435114503817,14.603053435114504,7.81171875,53.255859375,-63.521484375,
1749734858.0051527,2025-06-12 20:27:38.005,30.96795159792734,-4.278438366699218,-2.0829554443359375,-2.4157494750976563,6.3816793893129775,-36.213740458015266,-7.091603053435114,7.9892578125,51.2900390625,-63.3498046875,
1749734858.0189,2025-06-12 20:27:38.018,32.40563692455147,-1.1947066284179686,-3.418919970703125,12.586318127441405,28.358778625954198,-24.83969465648855,3.0916030534351147,7.4566406249999995,52.541015625,-65.23828125,
1749734858.0324867,2025-06-12 20:27:38.032,31.447180040135382,7.1778165771484375,6.272808349609375,8.98304462890625,8.946564885496183,42.282442748091604,16.46564885496183,7.1015625,52.18359375,-63.521484375,
1749734858.046091,2025-06-12 20:27:38.046,30.96795159792734,-12.445060229492187,2.5163059448242184,4.575319372558593,-5.6183206106870225,8.778625954198473,-4.603053435114504,8.521875,52.541015625,-63.521484375,
1749734858.0596666,2025-06-12 20:27:38.059,31.447180040135382,-4.5968671875,-3.356670727539062,9.90241806640625,17.259541984732824,-97.55725190839695,17.412213740458014,7.279101562499999,52.3623046875,-64.0365234375,
1749734858.073315,2025-06-12 20:27:38.073,31.6388714170186,5.252878442382812,0.39264907226562495,6.979097839355468,0.9236641221374046,39.7557251908397,9.877862595419847,7.1015625,53.255859375,-62.834765624999996,
1749734858.088065,2025-06-12 20:27:38.088,31.543025728576993,-5.882553479003906,1.4532804077148436,0.0909796630859375,3.122137404580153,-13.84732824427481,-15.229007633587786,6.5689453124999995,52.0048828125,-62.6630859375,
1749734858.1020362,2025-06-12 20:27:38.102,31.782639949681013,3.1268273681640624,1.7621324218749999,17.638083630371092,19.923664122137403,-43.770992366412216,12.526717557251908,7.9892578125,50.9326171875,-63.0064453125,
1749734858.1159654,2025-06-12 20:27:38.115,31.543025728576993,-3.2345664428710936,4.656722229003906,9.957484704589843,12.335877862595419,32.969465648854964,9.450381679389313,7.1015625,53.61328125,-63.178124999999994,
1749734858.1298015,2025-06-12 20:27:38.129,31.6388714170186,4.266467358398438,6.119579443359375,7.991845141601562,0.7099236641221374,-60.13740458015267,-4.816793893129771,8.3443359375,51.2900390625,-64.72324218749999,
1749734858.1436162,2025-06-12 20:27:38.143,31.73471710546021,-0.19871873779296872,-5.4013189453125,14.080299963378906,23.862595419847327,25.053435114503817,5.022900763358779,6.746484375,52.18359375,-64.208203125,
1749734858.1571848,2025-06-12 20:27:38.157,31.590948572797796,-8.927977990722656,5.475539196777343,5.276820458984375,10.007633587786259,35.961832061068705,-2.351145038167939,6.5689453124999995,53.4345703125,-62.6630859375,83.74284615729015
1749734858.174704,2025-06-12 20:27:38.174,30.96795159792734,-7.091625317382812,-4.039018200683594,19.55583916015625,16.0,8.587786259541986,-2.122137404580153,6.2138671875,53.0771484375,-63.3498046875,
1749734858.188481,2025-06-12 20:27:38.188,31.543025728576993,-1.9536685546875,-2.6575638427734374,-0.47644613037109373,23.15267175572519,-1.717557251908397,1.1450381679389312,5.8587890625,52.0048828125,-63.693164062499996,
1749734858.2036088,2025-06-12 20:27:38.203,31.83056279390182,-13.740323327636718,4.089296435546875,-1.7932570434570312,-6.267175572519084,-20.793893129770993,-4.305343511450381,6.5689453124999995,53.4345703125,-63.3498046875,
1749734858.2173762,2025-06-12 20:27:38.217,31.782639949681013,0.7900865478515624,-7.218518005371093,19.61270144958496,8.083969465648854,15.83206106870229,5.526717557251908,7.1015625,51.826171875,-62.834765624999996,
1749734858.231145,2025-06-12 20:27:38.231,30.96795159792734,2.9568390502929685,1.6831237670898436,7.184999182128906,12.534351145038167,-15.961832061068701,-5.656488549618321,7.4566406249999995,53.255859375,-62.834765624999996,
1749734858.245291,2025-06-12 20:27:38.245,31.063797286368946,6.89530078125,1.2976572998046874,7.101202124023437,3.7786259541984735,2.2442748091603053,-4.450381679389313,6.746484375,52.8984375,-64.5515625,
1749734858.259029,2025-06-12 20:27:38.259,31.782639949681013,-11.274295617675781,-5.595249279785156,14.410699792480468,24.732824427480917,17.916030534351144,5.786259541984733,8.521875,50.75390625,-64.5515625,
1749734858.272401,2025-06-12 20:27:38.272,30.96795159792734,-0.430956298828125,6.380547424316406,3.162740393066406,3.267175572519084,-6.236641221374046,7.1679389312977095,7.4566406249999995,52.8984375,-62.834765624999996,
1749734858.2860346,2025-06-12 20:27:38.286,31.39925719591458,-10.615890161132812,-7.745242370605468,10.773907470703124,-14.221374045801527,-12.98473282442748,-3.404580152671756,7.6341796875,53.0771484375,-63.0064453125,
1749734858.2995965,2025-06-12 20:27:38.299,31.6388714170186,-9.986215124511718,-3.897760302734375,11.240776794433593,19.65648854961832,59.908396946564885,-2.404580152671756,6.39140625,51.46875,-63.521484375,
1749734858.3148835,2025-06-12 20:27:38.314,31.590948572797796,0.5123591552734374,-1.5753846923828123,8.149862451171874,1.3893129770992367,104.77862595419847,-6.526717557251908,6.9240234375,53.0771484375,-63.3498046875,
1749734858.328596,2025-06-12 20:27:38.328,31.782639949681013,6.701370446777343,-2.2577321655273437,15.62874988708496,11.82442748091603,-100.6412213740458,-4.519083969465649,6.9240234375,52.7197265625,-63.693164062499996,
1749734858.342307,2025-06-12 20:27:38.342,31.159642974810556,-4.010287780761718,6.660669018554687,5.145139367675781,20.755725190839694,34.19847328244275,-20.84732824427481,6.5689453124999995,52.0048828125,-63.0064453125,
1749734858.3559184,2025-06-12 20:27:38.355,31.6388714170186,-10.232817895507813,-3.5218706420898434,-0.296881005859375,16.893129770992367,-58.10687022900763,-14.007633587786259,5.8587890625,52.7197265625,-64.0365234375,
1749734858.3694725,2025-06-12 20:27:38.369,32.40563692455147,-3.778050219726562,-7.1203557373046875,18.99978582458496,6.793893129770993,27.0381679389313,-3.198473282442748,6.746484375,51.111328125,-63.521484375,
1749734858.383526,2025-06-12 20:27:38.383,30.96795159792734,0.26815058593749996,5.485116003417969,-3.5051112304687497,-3.351145038167939,-32.54961832061068,-9.633587786259541,7.9892578125,52.3623046875,-63.3498046875,
1749734858.4009776,2025-06-12 20:27:38.400,30.96795159792734,13.115436694335937,0.28969840087890625,9.72285294189453,-3.366412213740458,-43.88549618320611,-1.9389312977099236,6.39140625,53.970703125,-62.834765624999996,
1749734858.4144258,2025-06-12 20:27:38.414,30.96795159792734,0.7350199096679687,0.9217676391601562,18.076222534179685,29.770992366412212,9.641221374045802,-2.3893129770992365,8.521875,50.75390625,-65.58164062499999,
1749734858.4292707,2025-06-12 20:27:38.429,31.6388714170186,14.666879370117186,6.375759020996093,6.155492468261718,3.5419847328244276,-35.458015267175576,10.702290076335878,7.81171875,53.255859375,-64.894921875,
1749734858.4423773,2025-06-12 20:27:38.442,31.447180040135382,-4.944026428222656,0.70868369140625,16.543933471679686,-16.17557251908397,-45.25190839694657,5.877862595419847,6.746484375,52.18359375,-63.86484375,
1749734858.4554567,2025-06-12 20:27:38.455,32.357714080330666,6.117185241699218,-1.1324573852539062,15.842432385253906,23.717557251908396,82.63358778625954,2.3587786259541983,6.746484375,52.541015625,-65.23828125,
1749734858.4683533,2025-06-12 20:27:38.468,31.543025728576993,-13.68765089111328,6.5960255737304685,-1.3000515014648437,8.335877862595419,-12.458015267175572,8.854961832061068,7.6341796875,52.7197265625,-63.693164062499996,
1749734858.4813337,2025-06-12 20:27:38.481,32.21394554766825,0.3854664672851562,5.4013189453125,4.182670300292968,6.778625954198473,35.61832061068702,-8.030534351145038,6.9240234375,54.1494140625,-65.4099609375,
1749734858.49419,2025-06-12 20:27:38.494,31.447180040135382,-10.228029492187499,-0.28490999755859375,12.366051574707031,24.328244274809162,-78.97709923664122,7.175572519083969,7.1015625,51.111328125,-62.49140625,
1749734858.507046,2025-06-12 20:27:38.507,31.543025728576993,-0.7829039428710937,3.361459130859375,11.326968054199218,18.83206106870229,38.916030534351144,13.183206106870228,6.2138671875,53.4345703125,-64.0365234375,
1749734858.5201628,2025-06-12 20:27:38.520,31.590948572797796,-4.139574670410156,3.2920272827148436,1.4221557861328125,-10.793893129770993,9.86259541984733,-4.877862595419847,6.5689453124999995,52.7197265625,-62.6630859375,
1749734858.534385,2025-06-12 20:27:38.534,31.01587444214814,18.1959326171875,0.6536170532226562,19.196708911132813,33.954198473282446,-20.51145038167939,5.206106870229007,6.5689453124999995,51.2900390625,-62.6630859375,
1749734858.5482397,2025-06-12 20:27:38.548,31.39925719591458,1.5251064575195312,9.746794958496093,8.494627490234375,4.595419847328245,21.091603053435115,-7.564885496183206,6.39140625,54.328125,-63.178124999999994,
1749734858.5613532,2025-06-12 20:27:38.561,31.782639949681013,-4.76924970703125,3.265691064453125,17.717092285156248,-9.793893129770993,21.267175572519083,-5.480916030534351,6.5689453124999995,53.4345703125,-64.72324218749999,
1749734858.5742643,2025-06-12 20:27:38.574,31.543025728576993,-4.469974499511719,-0.30885201416015623,14.851232897949219,7.595419847328245,-15.244274809160306,-0.7633587786259542,7.9892578125,50.9326171875,-62.6630859375,
1749734858.5878992,2025-06-12 20:27:38.587,32.357714080330666,-4.953603234863281,5.884947680664062,7.503428002929687,6.1603053435114505,-28.740458015267176,-0.25190839694656486,6.2138671875,53.7919921875,-63.0064453125,
1749734858.6009135,2025-06-12 20:27:38.600,31.926408482343426,0.3136404174804687,-5.013458276367187,18.780117822265623,-16.458015267175572,43.98473282442748,-5.00763358778626,6.746484375,52.8984375,-62.49140625,
1749734858.6139462,2025-06-12 20:27:38.613,32.40563692455147,-9.974244116210937,-0.41898529052734373,8.090007409667969,15.938931297709924,7.564885496183206,7.709923664122138,7.81171875,50.396484375,-62.834765624999996,
1749734858.6270037,2025-06-12 20:27:38.627,31.73471710546021,-1.886630908203125,0.967257470703125,6.198588098144531,-0.7862595419847328,-3.381679389312977,2.2748091603053435,8.521875,52.8984375,-62.834765624999996,
1749734858.6400564,2025-06-12 20:27:38.640,31.6388714170186,-3.4572271972656248,2.882618798828125,18.600552697753905,1.450381679389313,-87.97709923664122,5.038167938931298,7.81171875,52.541015625,-63.178124999999994,
1749734858.6546366,2025-06-12 20:27:38.654,32.21394554766825,19.527108740234375,2.81558115234375,16.10818876953125,11.80916030534351,35.68702290076336,1.0458015267175573,7.6341796875,51.6474609375,-63.693164062499996,
1749734858.6676002,2025-06-12 20:27:38.667,32.40563692455147,-19.6133,4.790797521972656,9.023746057128905,4.099236641221374,198.67175572519085,-9.687022900763358,7.279101562499999,53.7919921875,-63.3498046875,
1749734858.6804721,2025-06-12 20:27:38.680,31.926408482343426,-4.043806604003906,-0.8403647827148437,6.193799694824218,11.786259541984732,-115.81679389312977,-15.648854961832061,6.746484375,52.541015625,-63.178124999999994,
1749734858.6934664,2025-06-12 20:27:38.693,31.782639949681013,6.114791040039062,1.2880804931640624,11.77228956298828,34.152671755725194,61.06870229007634,-14.435114503816793,6.39140625,52.18359375,-63.86484375,
1749734858.7065885,2025-06-12 20:27:38.706,32.357714080330666,1.2569558715820313,4.3622354248046875,-1.9297265380859374,6.763358778625954,-55.2442748091603,-1.9465648854961832,7.4566406249999995,53.970703125,-63.86484375,
1749734858.7201707,2025-06-12 20:27:38.720,32.30979123610986,11.97100830078125,-1.0342951171875,13.84806240234375,-0.5114503816793893,-43.99236641221374,-2.450381679389313,7.9892578125,52.7197265625,-64.0365234375,
1749734858.7333894,2025-06-12 20:27:38.733,31.01587444214814,3.028665100097656,0.36391865234375,9.064447485351561,23.87786259541985,-38.83969465648855,-8.870229007633588,7.6341796875,52.0048828125,-64.72324218749999,
1749734858.7463832,2025-06-12 20:27:38.746,30.96795159792734,5.360617517089843,12.849680310058593,16.63251893310547,9.511450381679388,53.0763358778626,4.549618320610687,8.166796875,52.18359375,-63.86484375,
1749734858.7604985,2025-06-12 20:27:38.760,31.83056279390182,-4.900930798339844,3.4931402221679684,6.7037646484375,6.587786259541985,-87.38167938931298,-15.458015267175572,7.4566406249999995,52.18359375,-65.23828125,
1749734858.7742682,2025-06-12 20:27:38.774,32.21394554766825,11.77947216796875,-3.7014357666015623,14.92545314941406,24.99236641221374,61.48854961832061,3.351145038167939,6.746484375,51.826171875,-64.208203125,
1749734858.7875934,2025-06-12 20:27:38.787,30.96795159792734,-16.639701538085937,6.9168485961914055,3.737348791503906,11.038167938931299,33.595419847328245,1.549618320610687,6.5689453124999995,53.7919921875,-64.3798828125,
1749734858.8004951,2025-06-12 20:27:38.800,31.6388714170186,0.47165772705078124,0.32561142578124996,13.589488623046874,-11.564885496183207,-69.57251908396947,-11.51908396946565,7.6341796875,53.7919921875,-62.319726562499994,
1749734858.8136995,2025-06-12 20:27:38.813,31.782639949681013,0.9337386474609375,-2.212242333984375,8.429984045410155,2.213740458015267,-30.206106870229007,-3.381679389312977,5.6812499999999995,52.18359375,-63.86484375,
1749734858.827139,2025-06-12 20:27:38.827,32.357714080330666,-17.92538782958984,1.7405846069335937,1.39821376953125,2.9923664122137406,-40.54961832061068,1.702290076335878,7.4566406249999995,53.255859375,-64.5515625,
1749734858.8401794,2025-06-12 20:27:38.840,32.357714080330666,5.547365246582031,-7.369352709960937,14.276624499511717,-19.129770992366414,-134.99236641221373,0.8549618320610687,6.9240234375,51.6474609375,-63.693164062499996,
1749734858.8529868,2025-06-12 20:27:38.852,30.96795159792734,3.423708374023437,-5.267243652343749,15.389928271484374,6.015267175572519,41.68702290076336,11.725190839694656,,,,
1749734858.8626504,2025-06-12 20:27:38.862,31.6388714170186,-0.833182177734375,8.113949426269532,11.113884106445312,2.2290076335877864,11.351145038167939,0.6106870229007634,7.81171875,55.400390625,-62.49140625,
1749734858.8768306,2025-06-12 20:27:38.876,31.73471710546021,4.431667272949219,3.9504327392578125,13.63677410583496,9.946564885496183,-17.633587786259543,-14.511450381679388,7.81171875,53.255859375,-65.58164062499999,
1749734858.8899367,2025-06-12 20:27:38.889,31.01587444214814,4.319139794921875,3.2417490478515623,15.72511650390625,11.32824427480916,-101.06870229007633,-6.824427480916031,6.39140625,51.111328125,-63.178124999999994,80.88442152899435
1749734858.9065425,2025-06-12 20:27:38.906,31.01587444214814,-14.7482822265625,8.231265307617187,-2.50912333984375,13.389312977099237,7.198473282442748,-13.694656488549619,6.036328125,54.328125,-63.521484375,
1749734858.9200206,2025-06-12 20:27:38.920,31.01587444214814,-13.541604589843748,-2.8275521606445313,11.61906065673828,-1.1068702290076335,-104.32824427480917,-10.404580152671755,7.4566406249999995,51.46875,-63.521484375,
1749734858.933864,2025-06-12 20:27:38.933,31.6388714170186,-2.0566192260742184,1.8100164550781248,9.562441430664062,21.778625954198475,54.786259541984734,-3.9618320610687023,5.5037109375,53.4345703125,-62.319726562499994,
1749734858.947683,2025-06-12 20:27:38.947,31.73471710546021,-6.124367846679687,2.319981408691406,2.365471240234375,3.8091603053435112,-9.526717557251908,5.206106870229007,7.279101562499999,52.0048828125,-65.7533203125,
1749734858.961219,2025-06-12 20:27:38.961,31.01587444214814,-11.250353601074218,-0.718260498046875,18.957288745117186,22.748091603053435,42.6793893129771,5.732824427480916,6.5689453124999995,52.3623046875,-64.0365234375,
1749734858.9748604,2025-06-12 20:27:38.974,32.357714080330666,1.3910311645507811,-0.48123453369140623,-3.27526787109375,10.801526717557252,-71.93893129770993,-5.4961832061068705,6.9240234375,54.5068359375,-63.693164062499996,
1749734858.9900901,2025-06-12 20:27:38.990,31.447180040135382,-9.34696328125,-0.584185205078125,6.124367846679687,1.9618320610687023,-1.0076335877862594,-19.412213740458014,7.6341796875,51.2900390625,-64.72324218749999,
1749734859.003872,2025-06-12 20:27:39.003,30.96795159792734,1.5490484741210937,0.4285620971679687,15.998055493164062,14.129770992366412,-66.16793893129771,15.19083969465649,7.6341796875,52.7197265625,-63.0064453125,
1749734859.0175915,2025-06-12 20:27:39.017,31.01587444214814,-8.118737829589843,7.110778930664062,7.884106066894531,7.557251908396947,84.95419847328245,-5.427480916030534,7.1015625,52.18359375,-62.834765624999996,
1749734859.0311697,2025-06-12 20:27:39.031,31.447180040135382,-2.7078420776367187,-1.6232687255859375,5.425260961914062,-0.9541984732824428,-25.244274809160306,-8.83969465648855,8.166796875,51.111328125,-63.178124999999994,
1749734859.0452912,2025-06-12 20:27:39.045,31.590948572797796,-7.108384729003906,2.2481553588867187,17.458518505859374,28.610687022900763,49.229007633587784,-1.4580152671755726,8.876953125,51.46875,-63.521484375,
1749734859.059052,2025-06-12 20:27:39.059,31.01587444214814,6.399701037597656,1.707065783691406,4.668693237304687,7.1679389312977095,-74.40458015267176,-1.450381679389313,5.8587890625,51.2900390625,-63.0064453125,
1749734859.0727682,2025-06-12 20:27:39.072,31.543025728576993,8.576030346679687,0.9888052856445312,19.61270144958496,0.4198473282442748,25.908396946564885,-6.786259541984733,7.81171875,53.970703125,-62.49140625,
1749734859.0877554,2025-06-12 20:27:39.087,31.01587444214814,17.034744812011716,-0.8643067993164062,11.080365283203124,27.786259541984734,90.87786259541984,18.114503816793892,6.2138671875,52.7197265625,-63.0064453125,79.76129234538053
1749734859.107463,2025-06-12 20:27:39.107,31.782639949681013,-5.968744738769531,-0.3016694091796875,0.3112462158203125,8.076335877862595,29.557251908396946,-5.793893129770993,6.746484375,53.61328125,-63.521484375,
1749734859.1213424,2025-06-12 20:27:39.121,32.30979123610986,7.888894470214844,-3.718195178222656,19.41936966552734,31.251908396946565,-31.328244274809162,5.595419847328245,6.036328125,51.826171875,-62.49140625,
1749734859.1351461,2025-06-12 20:27:39.135,32.30979123610986,-17.05868682861328,7.606378674316406,2.3678654418945313,8.007633587786259,-4.396946564885496,8.419847328244275,7.1015625,52.18359375,-61.8046875,
1749734859.1489618,2025-06-12 20:27:39.148,31.782639949681013,6.105214233398437,0.11731588134765625,10.022128149414062,1.3358778625954197,11.259541984732824,-10.595419847328245,6.746484375,51.111328125,-62.49140625,
1749734859.16256,2025-06-12 20:27:39.162,31.926408482343426,2.418143676757812,-0.5458779785156249,19.61270144958496,14.16030534351145,74.58778625954199,8.32824427480916,8.166796875,51.826171875,-64.208203125,
1749734859.176225,2025-06-12 20:27:39.176,31.782639949681013,-19.60132899169922,3.31357509765625,1.0103531005859374,4.702290076335878,-4.3816793893129775,7.687022900763359,7.279101562499999,52.7197265625,-63.3498046875,
1749734859.189805,2025-06-12 20:27:39.189,32.16602270344745,4.015076184082031,-0.9648632690429687,7.71890615234375,8.114503816793894,90.93129770992367,-3.0763358778625953,6.2138671875,53.7919921875,-64.0365234375,
1749734859.2032962,2025-06-12 20:27:39.203,31.73471710546021,-11.243170996093749,-3.450044592285156,15.729904907226562,-3.687022900763359,-82.74809160305344,11.687022900763358,6.39140625,51.46875,-63.521484375,
1749734859.218266,2025-06-12 20:27:39.218,31.782639949681013,-10.575188732910156,10.862492932128905,10.117896215820313,-18.53435114503817,62.00763358778626,24.3206106870229,7.279101562499999,52.7197265625,-61.976367187499996,
1749734859.2322278,2025-06-12 20:27:39.232,31.73471710546021,13.034033837890624,-1.1947066284179686,15.294160205078125,-5.183206106870229,-43.900763358778626,0.732824427480916,5.6812499999999995,53.970703125,-63.521484375,
1749734859.2460256,2025-06-12 20:27:39.246,31.543025728576993,-9.533711010742186,4.00310517578125,12.97896719970703,44.20610687022901,78.99236641221374,-8.992366412213741,6.036328125,52.8984375,-63.86484375,
1749734859.2597215,2025-06-12 20:27:39.259,31.6388714170186,-11.5304751953125,1.8770541015625,3.3399113159179685,8.045801526717558,-28.96946564885496,9.305343511450381,6.2138671875,54.1494140625,-63.693164062499996,
1749734859.2732193,2025-06-12 20:27:39.273,31.159642974810556,-3.9983167724609374,-6.653486413574218,11.252747802734374,10.412213740458014,-6.885496183206107,-12.717557251908397,8.166796875,52.8984375,-63.86484375,
1749734859.286861,2025-06-12 20:27:39.286,32.07017701500584,3.6367923217773437,-3.632003918457031,7.398083129882812,21.480916030534353,-20.00763358778626,5.969465648854962,8.876953125,53.970703125,-63.86484375,
1749734859.300355,2025-06-12 20:27:39.300,30.96795159792734,-15.150508105468749,3.0909143432617188,0.7757213378906249,-0.3435114503816794,45.282442748091604,-1.251908396946565,7.1015625,51.826171875,-64.208203125,82.36427322525336
1749734859.317687,2025-06-12 20:27:39.317,31.6388714170186,0.33039982910156246,1.7238251953125,15.363592053222655,18.954198473282442,20.16030534351145,6.717557251908397,7.6341796875,51.2900390625,-63.3498046875,
1749734859.3332353,2025-06-12 20:27:39.333,31.01587444214814,-6.83783994140625,4.2137949218749995,3.2058360229492187,4.847328244274809,-30.717557251908396,0.9618320610687023,6.2138671875,53.4345703125,-62.6630859375,
1749734859.347399,2025-06-12 20:27:39.347,31.73471710546021,6.885723974609375,-1.9201497314453124,12.310984936523436,-3.7786259541984735,-30.0,-0.3282442748091603,7.6341796875,52.3623046875,-64.0365234375,
1749734859.3611233,2025-06-12 20:27:39.361,31.6388714170186,-17.451335900878906,-0.6057330200195312,9.141061938476563,16.938931297709924,-8.98473282442748,8.587786259541986,8.166796875,52.8984375,-64.208203125,
1749734859.3746805,2025-06-12 20:27:39.374,31.447180040135382,18.231845642089844,9.773131176757811,18.06664572753906,-9.618320610687023,-61.93129770992366,11.923664122137405,,,,82.60087577391693
1749734859.3882642,2025-06-12 20:27:39.388,30.96795159792734,-11.982979309082031,3.8235400512695312,12.674903588867187,12.694656488549619,81.58778625954199,-4.206106870229007,7.279101562499999,52.3623046875,-64.0365234375,
1749734859.4018114,2025-06-12 20:27:39.401,31.83056279390182,3.821145849609375,-2.379836450195312,15.076287854003905,30.022900763358777,-65.23664122137404,0.21374045801526717,7.6341796875,51.2900390625,-63.693164062499996,
1749734859.4153771,2025-06-12 20:27:39.415,31.83056279390182,-12.777854260253905,2.863465185546875,5.238513232421875,8.053435114503817,47.41984732824427,-0.3511450381679389,6.036328125,52.18359375,-62.834765624999996,
1749734859.428988,2025-06-12 20:27:39.428,31.543025728576993,10.943895788574219,-4.273649963378906,19.503166723632813,-3.50381679389313,-26.702290076335878,4.900763358778626,7.1015625,52.18359375,-62.834765624999996,82.8974783712534
1749734859.4480896,2025-06-12 20:27:39.448,32.30979123610986,-4.537012145996093,7.659051110839843,3.6942531616210936,18.251908396946565,29.541984732824428,-10.549618320610687,8.3443359375,52.3623046875,-62.6630859375,
1749734859.4616892,2025-06-12 20:27:39.461,31.590948572797796,-8.152256652832031,2.6144682128906247,1.62805712890625,5.1679389312977095,-70.07633587786259,-14.01526717557252,5.8587890625,53.4345703125,-64.0365234375,
1749734859.4752939,2025-06-12 20:27:39.475,32.40563692455147,13.316549633789062,-0.5219359619140624,16.04354532470703,13.045801526717558,-30.938931297709924,1.3587786259541985,6.9240234375,51.6474609375,-64.72324218749999,
1749734859.488846,2025-06-12 20:27:39.488,31.39925719591458,-10.371681591796875,5.238513232421875,4.206612316894531,8.061068702290076,37.534351145038165,-9.16030534351145,7.1015625,52.18359375,-62.148046875,
1749734859.502375,2025-06-12 20:27:39.502,31.782639949681013,-1.85790048828125,1.3000515014648437,2.2840683837890623,-15.633587786259541,-68.90076335877863,-2.572519083969466,7.6341796875,51.6474609375,-63.0064453125,
1749734859.5158794,2025-06-12 20:27:39.515,30.96795159792734,8.465897070312499,-4.412513659667969,19.61270144958496,4.572519083969466,24.15267175572519,17.954198473282442,8.521875,52.541015625,-63.178124999999994,
1749734859.529453,2025-06-12 20:27:39.529,31.782639949681013,-19.51034932861328,4.467580297851562,7.433996154785156,-21.709923664122137,-16.198473282442748,19.587786259541986,7.81171875,52.8984375,-62.148046875,
1749734859.5431538,2025-06-12 20:27:39.543,31.01587444214814,11.109095703125,-2.147598889160156,12.208034265136718,-3.381679389312977,57.786259541984734,-4.030534351145038,6.9240234375,52.3623046875,-64.3798828125,
1749734859.5588686,2025-06-12 20:27:39.558,31.782639949681013,2.4779987182617185,-2.4875755249023435,14.700398193359375,10.412213740458014,17.66412213740458,3.6564885496183206,6.5689453124999995,52.0048828125,-63.693164062499996,
1749734859.5730543,2025-06-12 20:27:39.573,32.30979123610986,-2.2936451904296873,4.206612316894531,3.9312791259765625,0.8320610687022901,-24.137404580152673,2.267175572519084,5.1486328125,53.0771484375,-62.6630859375,
1749734859.5867891,2025-06-12 20:27:39.586,31.6388714170186,-0.1580173095703125,-5.473144995117187,17.31426785583496,13.534351145038167,-20.81679389312977,-4.877862595419847,9.0544921875,53.0771484375,-64.0365234375,
1749734859.600472,2025-06-12 20:27:39.600,31.782639949681013,13.153743920898437,3.612850305175781,12.840103503417968,12.580152671755725,104.70992366412214,-7.816793893129771,7.6341796875,51.2900390625,-64.0365234375,
1749734859.6142657,2025-06-12 20:27:39.614,30.96795159792734,-11.707646118164062,-1.3000515014648437,-7.7787611938476555,3.816793893129771,-66.61832061068702,-5.534351145038168,6.9240234375,54.8642578125,-63.3498046875,
1749734859.6282809,2025-06-12 20:27:39.628,31.01587444214814,-4.189852905273438,-8.652644799804687,19.61270144958496,5.885496183206107,31.015267175572518,6.145038167938932,7.9892578125,52.0048828125,-63.693164062499996,
1749734859.6419697,2025-06-12 20:27:39.641,31.01587444214814,-12.107477795410155,2.731784094238281,0.6512228515624999,4.091603053435114,36.6412213740458,-5.969465648854962,6.036328125,52.18359375,-64.894921875,
1749734859.655729,2025-06-12 20:27:39.655,31.83056279390182,-10.733206042480468,-3.9408559326171875,0.6871358764648438,-1.9389312977099236,-11.34351145038168,-3.4732824427480917,8.166796875,52.8984375,-63.86484375,
1749734859.6708572,2025-06-12 20:27:39.670,32.40563692455147,3.909731311035156,-6.0525417968749995,17.67160245361328,33.083969465648856,-13.32824427480916,8.916030534351146,7.1015625,51.46875,-63.178124999999994,
1749734859.684387,2025-06-12 20:27:39.684,31.782639949681013,-9.04050546875,4.364629626464843,10.958260998535156,-10.816793893129772,86.12213740458016,5.396946564885496,6.036328125,53.61328125,-61.117968749999996,
1749734859.6979973,2025-06-12 20:27:39.697,31.543025728576993,15.018827014160156,-1.3838485595703125,17.922993627929685,-19.480916030534353,-49.66412213740458,3.1755725190839694,8.699414062499999,51.2900390625,-64.3798828125,
1749734859.7116315,2025-06-12 20:27:39.711,31.782639949681013,-7.8362220336914055,-2.626439221191406,16.227898852539063,16.16793893129771,37.89312977099237,1.5114503816793894,5.6812499999999995,52.541015625,-62.49140625,82.02952403244272
1749734859.7292585,2025-06-12 20:27:39.729,31.974331326564233,-2.549824768066406,-1.9752163696289062,6.315903979492187,-20.9618320610687,-3.8091603053435112,8.595419847328245,5.6812499999999995,53.255859375,-63.521484375,
1749734859.742949,2025-06-12 20:27:39.742,31.543025728576993,-8.980650427246093,-6.775590698242187,17.791312536621092,8.389312977099237,17.442748091603054,6.8396946564885495,7.1015625,52.18359375,-64.5515625,
1749734859.755973,2025-06-12 20:27:39.755,31.782639949681013,0.6248866333007812,2.473210314941406,10.357316381835936,7.786259541984733,46.50381679389313,-2.954198473282443,,,,81.00598860506017
1749734859.7689533,2025-06-12 20:27:39.768,31.782639949681013,-1.9991583862304687,-10.254365710449218,5.284003063964843,-1.9083969465648856,30.671755725190838,-9.236641221374045,7.279101562499999,52.0048828125,-64.3798828125,
1749734859.7834816,2025-06-12 20:27:39.783,32.40563692455147,-11.513715783691406,-2.2385785522460937,15.945383056640624,8.709923664122137,9.717557251908397,6.66412213740458,8.699414062499999,52.3623046875,-63.693164062499996,
1749734859.7966428,2025-06-12 20:27:39.796,31.01587444214814,-4.228160131835938,7.596801867675781,5.576095666503906,9.435114503816793,-23.412213740458014,-0.549618320610687,6.39140625,52.8984375,-63.86484375,
1749734859.8101082,2025-06-12 20:27:39.810,32.357714080330666,9.552864624023437,1.1923124267578125,2.9735984619140625,5.511450381679389,-74.23664122137404,3.8244274809160306,7.9892578125,52.0048828125,-64.72324218749999,
1749734859.824277,2025-06-12 20:27:39.824,31.6388714170186,-19.6133,-9.794678991699218,8.628702783203124,17.49618320610687,10.099236641221374,4.9541984732824424,6.2138671875,52.3623046875,-63.3498046875,
1749734859.8381097,2025-06-12 20:27:39.838,32.357714080330666,3.6750995483398436,5.951985327148437,2.73896669921875,9.511450381679388,-0.03816793893129771,-12.969465648854962,5.6812499999999995,53.255859375,-63.178124999999994,
1749734859.8519435,2025-06-12 20:27:39.851,31.590948572797796,-17.88229219970703,-3.0358477050781247,1.3527239379882812,-4.572519083969466,-6.740458015267175,-4.076335877862595,6.746484375,53.255859375,-64.208203125,83.35654602695769
1749734859.8692296,2025-06-12 20:27:39.869,32.357714080330666,-6.641515405273437,-0.9576806640625,10.026916552734374,20.702290076335878,-77.34351145038168,5.343511450381679,7.1015625,51.46875,-62.834765624999996,
1749734859.8839967,2025-06-12 20:27:39.883,32.40563692455147,-8.001421948242188,8.051700183105469,10.505756884765624,5.709923664122138,86.89312977099236,-0.03816793893129771,7.6341796875,53.4345703125,-64.72324218749999,
1749734859.8978643,2025-06-12 20:27:39.897,32.357714080330666,6.679822631835937,-2.7820623291015623,17.700332873535157,-4.633587786259542,13.541984732824428,-2.1374045801526718,7.6341796875,52.7197265625,-64.0365234375,
1749734859.911499,2025-06-12 20:27:39.911,31.590948572797796,3.749319799804687,2.5234885498046875,10.972626208496093,4.717557251908397,-63.93129770992366,-7.679389312977099,5.326171875,51.46875,-63.521484375,
1749734859.9250453,2025-06-12 20:27:39.925,32.40563692455147,-14.578293908691405,4.5585599609375,-1.0390835205078124,-0.45038167938931295,26.572519083969464,-4.931297709923665,7.4566406249999995,54.328125,-63.178124999999994,
1749734859.9386353,2025-06-12 20:27:39.938,31.543025728576993,3.821145849609375,-1.9632453613281249,18.677167150878905,-0.5114503816793893,-31.900763358778626,-3.7480916030534353,6.746484375,52.541015625,-64.208203125,
1749734859.9521801,2025-06-12 20:27:39.952,31.01587444214814,12.859257116699219,0.9050082275390624,12.856862915039061,15.213740458015268,25.267175572519083,9.954198473282442,6.746484375,52.18359375,-63.178124999999994,80.94560969591306
1749734859.969815,2025-06-12 20:27:39.969,31.73471710546021,-0.9600748657226562,-1.0630255371093749,1.7693150268554687,6.450381679389313,-5.656488549618321,0.8549618320610687,8.3443359375,51.6474609375,-62.6630859375,
1749734859.9834728,2025-06-12 20:27:39.983,31.6388714170186,-19.6133,-6.746860278320312,19.56781016845703,24.580152671755727,46.98473282442748,-0.11450381679389313,8.166796875,52.18359375,-64.894921875,
1749734859.998201,2025-06-12 20:27:39.998,32.40563692455147,9.0021982421875,0.8259995727539062,9.260772021484375,16.061068702290076,24.786259541984734,10.145038167938932,7.9892578125,52.0048828125,-63.3498046875,
1749734860.0122714,2025-06-12 20:27:40.012,31.6388714170186,-12.684480395507812,3.8283284545898435,2.940079638671875,8.786259541984732,-0.030534351145038167,-10.541984732824428,5.8587890625,52.3623046875,-63.693164062499996,80.59861451934484
1749734860.030187,2025-06-12 20:27:40.030,30.96795159792734,-7.7596075805664055,-1.455674609375,17.458518505859374,23.3206106870229,82.44274809160305,-3.1603053435114505,8.521875,50.75390625,-63.86484375,
1749734860.0439732,2025-06-12 20:27:40.043,31.543025728576993,-14.386757775878905,4.034229797363281,-0.26815058593749996,-3.9923664122137406,-39.61832061068702,0.3435114503816794,7.9892578125,54.1494140625,-65.4099609375,
1749734860.0575497,2025-06-12 20:27:40.057,32.357714080330666,1.3431471313476562,-5.030217687988281,15.612589025878906,14.65648854961832,12.51908396946565,4.099236641221374,8.876953125,52.18359375,-63.178124999999994,
1749734860.0711288,2025-06-12 20:27:40.071,30.96795159792734,-4.048595007324218,-0.258573779296875,0.9265560424804687,17.66412213740458,14.98473282442748,2.9083969465648853,6.39140625,53.970703125,-64.208203125,
1749734860.0849357,2025-06-12 20:27:40.084,31.543025728576993,-7.110778930664062,3.4835634155273434,-0.27293898925781246,-3.1374045801526718,-12.732824427480915,0.8778625954198473,6.746484375,52.18359375,-62.49140625,
1749734860.098533,2025-06-12 20:27:40.098,32.40563692455147,1.946485949707031,-7.216123803710937,19.594146386718748,15.435114503816793,89.72519083969466,4.755725190839694,7.1015625,50.0390625,-63.86484375,
1749734860.113821,2025-06-12 20:27:40.113,31.6388714170186,3.976768957519531,9.753977563476562,13.151349719238281,-10.67175572519084,-35.74045801526717,-3.854961832061069,6.746484375,52.8984375,-62.834765624999996,
1749734860.1275072,2025-06-12 20:27:40.127,30.96795159792734,-18.784906225585935,0.8259995727539062,3.0837317382812497,6.259541984732825,24.15267175572519,-16.923664122137403,7.1015625,51.826171875,-63.86484375,
1749734860.1411083,2025-06-12 20:27:40.141,32.40563692455147,8.20971749267578,1.2401964599609374,19.61270144958496,16.603053435114504,24.206106870229007,13.267175572519085,7.4566406249999995,53.61328125,-63.178124999999994,
1749734860.1545541,2025-06-12 20:27:40.154,31.73471710546021,-0.6679822631835937,6.660669018554687,10.570400329589843,11.65648854961832,-57.83206106870229,16.923664122137403,5.8587890625,52.7197265625,-63.3498046875,
1749734860.1682281,2025-06-12 20:27:40.168,32.40563692455147,-0.028730419921875,-1.8602946899414061,3.8690298828125,-2.282442748091603,53.3206106870229,-4.748091603053435,8.699414062499999,52.3623046875,-64.3798828125,
1749734860.181888,2025-06-12 20:27:40.181,31.83056279390182,11.863269226074218,-2.5067291381835934,12.416329809570312,34.412213740458014,-103.12977099236642,16.34351145038168,6.746484375,50.396484375,-64.208203125,
1749734860.1953876,2025-06-12 20:27:40.195,31.543025728576993,-5.516240625,9.725247143554688,9.868899243164062,-16.480916030534353,76.44274809160305,23.3206106870229,7.279101562499999,54.1494140625,-64.0365234375,
1749734860.2091856,2025-06-12 20:27:40.209,31.01587444214814,-4.647145422363281,-3.239354846191406,0.44053310546874996,9.648854961832061,-76.56488549618321,1.6946564885496183,5.8587890625,52.0048828125,-64.0365234375,
1749734860.2237127,2025-06-12 20:27:40.223,31.063797286368946,-15.650896252441406,0.7589619262695312,19.474436303710938,13.938931297709924,57.14503816793893,-1.1755725190839694,5.8587890625,51.6474609375,-63.0064453125,
1749734860.2375555,2025-06-12 20:27:40.237,31.6388714170186,11.4538607421875,2.8850130004882812,12.696451403808593,-10.702290076335878,-49.97709923664122,19.015267175572518,7.9892578125,52.3623046875,-63.693164062499996,
1749734860.2506576,2025-06-12 20:27:40.250,31.73471710546021,-9.114725720214842,6.442796667480469,18.076222534179685,2.9083969465648853,67.91603053435115,0.7938931297709924,5.5037109375,51.6474609375,-64.3798828125,
1749734860.2634513,2025-06-12 20:27:40.263,31.543025728576993,6.804321118164062,-0.14604630126953125,16.227898852539063,19.954198473282442,-49.06870229007634,15.885496183206106,7.279101562499999,52.0048828125,-63.693164062499996,
1749734860.2764728,2025-06-12 20:27:40.276,32.40563692455147,-3.612850305175781,4.010287780761718,11.262324609375,6.6183206106870225,57.05343511450382,5.099236641221374,8.521875,51.826171875,-63.86484375,
1749734860.2901347,2025-06-12 20:27:40.290,31.447180040135382,-6.7085530517578125,0.7038952880859375,3.919308117675781,1.7786259541984732,35.6412213740458,-4.870229007633588,6.036328125,52.541015625,-64.894921875,
1749734860.3036265,2025-06-12 20:27:40.303,30.96795159792734,14.676456176757812,0.35673604736328124,19.61270144958496,19.366412213740457,0.183206106870229,2.3206106870229006,6.746484375,51.111328125,-63.86484375,
1749734860.3175855,2025-06-12 20:27:40.317,31.73471710546021,-18.45690059814453,4.814739538574218,1.599326708984375,1.213740458015267,-19.31297709923664,7.183206106870229,7.81171875,52.8984375,-62.834765624999996,
1749734860.3324723,2025-06-12 20:27:40.332,31.01587444214814,0.9409212524414062,-1.8243816650390623,12.69166300048828,-10.244274809160306,13.389312977099237,-3.3740458015267176,9.0544921875,51.6474609375,-66.44003906249999,
1749734860.3465075,2025-06-12 20:27:40.346,30.96795159792734,1.2641384765625,1.2330138549804688,11.326968054199218,18.0,-63.229007633587784,1.1221374045801527,6.9240234375,51.6474609375,-64.3798828125,
1749734860.3601902,2025-06-12 20:27:40.360,31.6388714170186,-8.28633194580078,3.3590649291992185,2.7198130859375,0.3893129770992366,13.709923664122137,5.648854961832061,7.6341796875,52.7197265625,-62.319726562499994,
1749734860.3736959,2025-06-12 20:27:40.373,31.6388714170186,8.968679418945312,1.0917559570312498,19.61270144958496,9.13740458015267,-53.89312977099237,-5.106870229007634,6.5689453124999995,51.2900390625,-63.3498046875,82.87223506273965
1749734860.3909194,2025-06-12 20:27:40.390,32.21394554766825,10.831368310546875,5.355829113769531,0.46208092041015625,16.83969465648855,-11.603053435114504,-7.206106870229007,8.166796875,53.970703125,-63.178124999999994,
1749734860.404472,2025-06-12 20:27:40.404,31.6388714170186,-12.100295190429687,3.2130186279296873,2.2577321655273437,-4.770992366412214,-0.3969465648854962,-14.694656488549619,7.279101562499999,53.4345703125,-62.6630859375,
1749734860.4179351,2025-06-12 20:27:40.417,31.73471710546021,-4.841075756835937,-3.603273498535156,18.332402111816407,11.366412213740459,2.6259541984732824,6.343511450381679,,,,80.88442152899435
1749734860.4309304,2025-06-12 20:27:40.430,31.01587444214814,4.821922143554687,7.709329345703124,3.1268273681640624,10.404580152671755,24.61832061068702,-10.595419847328245,7.6341796875,52.0048828125,-65.4099609375,
1749734860.4450605,2025-06-12 20:27:40.445,31.01587444214814,-4.786009118652344,1.5275006591796874,-1.120486376953125,12.82442748091603,11.786259541984732,-10.099236641221374,8.166796875,51.826171875,-63.521484375,
1749734860.4588816,2025-06-12 20:27:40.458,31.447180040135382,5.851428857421874,-6.926425402832031,14.709975,23.916030534351144,-102.69465648854961,3.618320610687023,6.2138671875,50.2177734375,-63.693164062499996,
1749734860.471997,2025-06-12 20:27:40.471,31.590948572797796,-8.820238916015624,9.3852705078125,13.086706274414063,5.061068702290076,151.94656488549617,-2.480916030534351,7.81171875,53.970703125,-62.148046875,
1749734860.485122,2025-06-12 20:27:40.485,31.447180040135382,-7.153874560546875,0.7757213378906249,6.536170532226562,-15.625954198473282,-50.29770992366412,-7.297709923664122,6.5689453124999995,53.4345703125,-64.0365234375,
1749734860.497995,2025-06-12 20:27:40.497,31.83056279390182,12.686874597167968,-1.5275006591796874,19.61270144958496,13.709923664122137,7.00763358778626,-3.427480916030534,,,,82.87223506273965
1749734860.5108652,2025-06-12 20:27:40.510,31.01587444214814,-9.430760339355468,4.728548278808593,10.54645831298828,-3.4580152671755724,54.54961832061068,-0.5954198473282443,5.8587890625,53.0771484375,-63.3498046875,
1749734860.5236819,2025-06-12 20:27:40.523,32.21394554766825,-2.987963671875,-0.59376201171875,9.047688073730468,-2.564885496183206,-19.755725190839694,-5.480916030534351,9.0544921875,50.5751953125,-63.693164062499996,
1749734860.5366485,2025-06-12 20:27:40.536,31.73471710546021,-2.4875755249023435,-4.9416322265625,19.519926135253904,14.679389312977099,60.38167938931298,3.900763358778626,6.39140625,53.255859375,-64.5515625,
1749734860.5502546,2025-06-12 20:27:40.550,31.01587444214814,-14.381969372558594,11.396399902343749,-1.7980454467773437,-1.6717557251908397,-46.14503816793893,3.5572519083969465,7.9892578125,53.0771484375,-65.4099609375,
1749734860.5652816,2025-06-12 20:27:40.565,31.782639949681013,-0.5099649536132812,-4.690241052246093,10.670956799316405,1.2900763358778626,16.206106870229007,-16.19083969465649,7.4566406249999995,53.61328125,-61.8046875,
1749734860.5789323,2025-06-12 20:27:40.578,31.6388714170186,8.152256652832031,-1.695094775390625,8.858546142578124,37.43511450381679,27.717557251908396,-26.69465648854962,7.6341796875,50.9326171875,-63.3498046875,
1749734860.5925133,2025-06-12 20:27:40.592,31.782639949681013,-5.202600207519531,-1.915361328125,11.52329259033203,12.335877862595419,16.587786259541986,-3.2519083969465647,7.279101562499999,52.0048828125,-62.319726562499994,
1749734860.60617,2025-06-12 20:27:40.606,31.73471710546021,5.231330627441406,2.760514514160156,18.54548605957031,4.67175572519084,72.42748091603053,-3.1297709923664123,6.746484375,53.61328125,-63.521484375,
1749734860.620256,2025-06-12 20:27:40.620,31.543025728576993,-4.469974499511719,-2.9376854370117185,2.8012159423828122,14.290076335877863,-48.11450381679389,-5.778625954198473,6.39140625,51.46875,-61.461328124999994,
1749734860.6340628,2025-06-12 20:27:40.634,30.96795159792734,-2.7174188842773437,11.386823095703125,14.927847351074218,-5.557251908396947,38.68702290076336,3.7480916030534353,6.39140625,52.541015625,-63.86484375,
1749734860.6476734,2025-06-12 20:27:40.647,31.782639949681013,-8.02536396484375,-4.091690637207031,5.5545478515625,-1.7404580152671756,-62.44274809160305,-0.5801526717557252,6.9240234375,52.0048828125,-63.3498046875,
1749734860.6611176,2025-06-12 20:27:40.661,31.782639949681013,-13.503297363281249,-7.218518005371093,16.08185255126953,9.732824427480915,94.87022900763358,-13.045801526717558,8.699414062499999,53.4345703125,-63.0064453125,
1749734860.6765544,2025-06-12 20:27:40.676,31.73471710546021,15.559916589355467,1.3527239379882812,14.07072315673828,4.1679389312977095,43.152671755725194,-8.290076335877863,7.4566406249999995,53.255859375,-64.894921875,
1749734860.6902912,2025-06-12 20:27:40.690,31.01587444214814,-12.421118212890624,-8.298302954101562,13.113042492675781,11.198473282442748,-44.94656488549618,3.5877862595419847,5.6812499999999995,53.970703125,-63.178124999999994,
1749734860.704179,2025-06-12 20:27:40.704,31.447180040135382,-6.598419775390624,1.6543933471679686,10.826579907226561,2.66412213740458,53.93893129770992,12.740458015267176,7.9892578125,52.7197265625,-63.3498046875,
1749734860.7176828,2025-06-12 20:27:40.717,31.20756581903136,-2.8227637573242186,2.8514941772460936,4.75009609375,-0.7862595419847328,6.351145038167939,-4.8320610687022905,6.746484375,53.61328125,-62.834765624999996,
1749734860.731579,2025-06-12 20:27:40.731,31.01587444214814,-8.576030346679687,-2.7054478759765623,13.7522943359375,22.14503816793893,-78.90076335877863,5.0,7.81171875,53.970703125,-62.49140625,
1749734860.745304,2025-06-12 20:27:40.745,31.543025728576993,-2.4492682983398435,3.2728736694335936,11.089942089843749,6.0534351145038165,31.977099236641223,-7.5038167938931295,7.279101562499999,52.0048828125,-64.0365234375,83.61576078304901
1749734860.7620149,2025-06-12 20:27:40.762,31.590948572797796,-1.637633935546875,-0.11252747802734374,1.70467158203125,5.1679389312977095,-47.30534351145038,3.6106870229007635,8.166796875,52.8984375,-64.5515625,
1749734860.7751415,2025-06-12 20:27:40.775,32.357714080330666,14.022839123535155,-1.1468225952148436,19.61270144958496,13.374045801526718,18.587786259541986,-7.526717557251908,8.3443359375,52.7197265625,-64.0365234375,
1749734860.7902215,2025-06-12 20:27:40.790,32.357714080330666,-1.5849614990234373,6.928819604492187,19.546262353515623,-18.045801526717558,-11.534351145038167,14.923664122137405,7.6341796875,52.3623046875,-63.693164062499996,
1749734860.8038664,2025-06-12 20:27:40.803,31.543025728576993,3.938461730957031,3.9312791259765625,11.250353601074218,-20.709923664122137,-4.229007633587786,8.931297709923664,6.746484375,51.826171875,-62.49140625,
1749734860.8171556,2025-06-12 20:27:40.817,31.6388714170186,-12.275071911621094,-3.0813375366210938,7.242460021972656,19.47328244274809,-72.80916030534351,9.854961832061068,8.3443359375,49.5029296875,-64.0365234375,
1749734860.8302784,2025-06-12 20:27:40.830,32.30979123610986,0.28490999755859375,5.999869360351562,2.750937707519531,-9.17557251908397,-2.786259541984733,7.885496183206107,7.4566406249999995,51.826171875,-63.86484375,
1749734860.8434324,2025-06-12 20:27:40.843,30.96795159792734,-3.9647979492187497,-0.7876923461914062,19.515137731933592,-9.679389312977099,47.717557251908396,-4.0,7.4566406249999995,52.8984375,-64.5515625,
1749734860.8561792,2025-06-12 20:27:40.856,31.83056279390182,-0.7637503295898437,-0.7852981445312499,11.123460913085937,31.9618320610687,-15.725190839694656,-2.198473282442748,6.2138671875,51.6474609375,-62.6630859375,83.04419116802403
1749734860.8718817,2025-06-12 20:27:40.871,31.590948572797796,-8.250418920898436,6.871358764648437,1.7381904052734374,2.198473282442748,-3.1908396946564888,6.366412213740458,7.1015625,52.541015625,-61.8046875,
1749734860.884075,2025-06-12 20:27:40.884,32.21394554766825,-0.8283937744140625,-2.6815058593749996,19.390639245605467,1.9541984732824427,-23.297709923664122,-2.267175572519084,6.746484375,53.255859375,-63.86484375,
1749734860.8966856,2025-06-12 20:27:40.896,31.73471710546021,3.6391865234374996,-1.6304513305664061,13.816937780761718,12.274809160305344,44.83969465648855,3.854961832061069,6.39140625,51.826171875,-62.148046875,80.56575805693835
1749734860.9122515,2025-06-12 20:27:40.912,31.590948572797796,-7.71890615234375,5.664681127929687,-0.9361328491210937,5.0534351145038165,-16.114503816793892,-0.5877862595419847,6.2138671875,53.4345703125,-64.3798828125,
1749734860.9244344,2025-06-12 20:27:40.924,31.73471710546021,-0.6153098266601562,-3.0741549316406247,16.91982313232422,6.473282442748092,-47.66412213740458,-6.748091603053435,7.1015625,52.541015625,-63.86484375,
1749734860.9365506,2025-06-12 20:27:40.936,31.73471710546021,7.101202124023437,-6.955155822753905,0.49799394531249996,45.79389312977099,-56.465648854961835,5.977099236641221,6.2138671875,52.3623046875,-62.6630859375,82.30242192366822
1749734860.952194,2025-06-12 20:27:40.952,32.40563692455147,-13.828908789062499,1.917755529785156,1.4221557861328125,0.48854961832061067,-28.129770992366414,0.21374045801526717,7.9892578125,52.0048828125,-64.3798828125,
1749734860.9644642,2025-06-12 20:27:40.964,30.96795159792734,13.699621899414062,-1.879448303222656,12.31577333984375,8.946564885496183,-128.26717557251908,-8.98473282442748,7.4566406249999995,53.61328125,-65.23828125,
1749734860.9767244,2025-06-12 20:27:40.976,31.782639949681013,17.937358837890624,0.3399766357421875,10.613495959472656,23.755725190839694,-102.09923664122137,12.15267175572519,6.39140625,52.18359375,-64.5515625,
1749734860.9892452,2025-06-12 20:27:40.989,31.782639949681013,-4.8314989501953125,6.907271789550781,6.009446166992187,2.0229007633587788,23.27480916030534,2.954198473282443,,,,
1749734860.998867,2025-06-12 20:27:40.998,31.782639949681013,1.388636962890625,-5.700594152832031,12.62223115234375,-14.0,-58.83969465648855,3.8625954198473282,7.6341796875,54.5068359375,-65.4099609375,
1749734861.0126414,2025-06-12 20:27:41.012,30.96795159792734,-9.193734375,1.7238251953125,15.753846923828124,25.31297709923664,90.58778625954199,2.900763358778626,6.2138671875,53.0771484375,-63.693164062499996,
1749734861.0264409,2025-06-12 20:27:41.026,30.96795159792734,3.0597897216796874,-0.33758243408203126,3.220201232910156,8.251908396946565,-28.82442748091603,1.618320610687023,7.1015625,53.255859375,-63.521484375,
1749734861.0404413,2025-06-12 20:27:41.040,31.20756581903136,-9.560047229003906,-6.057330200195312,12.41094285583496,17.83969465648855,-63.396946564885496,1.8015267175572518,7.4566406249999995,52.18359375,-63.86484375,
1749734861.0558298,2025-06-12 20:27:41.055,31.782639949681013,-5.9400143188476555,0.2442085693359375,3.8091748413085935,14.404580152671755,16.923664122137403,-0.2748091603053435,6.9240234375,52.3623046875,-63.0064453125,
1749734861.0700016,2025-06-12 20:27:41.070,32.30979123610986,-3.9312791259765625,-1.3072341064453123,-1.9321207397460936,-0.13740458015267176,-41.88549618320611,-5.99236641221374,6.2138671875,54.1494140625,-63.0064453125,
1749734861.084035,2025-06-12 20:27:41.084,31.39925719591458,4.601655590820312,-8.252813122558594,18.08041238708496,16.938931297709924,-128.74045801526717,-7.343511450381679,7.9892578125,51.2900390625,-64.3798828125,
1749734861.0977778,2025-06-12 20:27:41.097,31.590948572797796,3.928884924316406,2.913743420410156,-5.176263989257812,17.748091603053435,46.50381679389313,-11.541984732824428,6.5689453124999995,52.0048828125,-64.3798828125,
1749734861.111135,2025-06-12 20:27:41.111,31.20756581903136,2.578555187988281,-1.6065093139648436,-2.461239306640625,-0.732824427480916,-103.45801526717557,-0.22900763358778625,6.39140625,54.328125,-62.148046875,
1749734861.1249254,2025-06-12 20:27:41.124,31.926408482343426,-16.86236229248047,2.1906945190429687,11.092336291503905,2.1603053435114505,56.37404580152672,-14.129770992366412,7.279101562499999,50.5751953125,-63.3498046875,
1749734861.138515,2025-06-12 20:27:41.138,31.01587444214814,8.13310303955078,-0.9648632690429687,5.123591552734375,4.5038167938931295,-8.549618320610687,-2.946564885496183,8.3443359375,51.2900390625,-64.0365234375,
1749734861.1521945,2025-06-12 20:27:41.152,31.590948572797796,-7.297526660156249,3.8762124877929685,5.494692810058593,6.450381679389313,29.396946564885496,-11.030534351145038,7.279101562499999,52.0048828125,-65.7533203125,
1749734861.1658404,2025-06-12 20:27:41.165,31.782639949681013,3.227383837890625,-7.0078282592773435,13.998897106933592,4.312977099236641,-62.152671755725194,4.3893129770992365,7.1015625,51.826171875,-62.834765624999996,
1749734861.1810133,2025-06-12 20:27:41.181,32.30979123610986,-19.474436303710938,8.09479581298828,9.366116894531249,-16.633587786259543,40.267175572519086,-1.16793893129771,6.746484375,53.255859375,-63.178124999999994,
1749734861.194661,2025-06-12 20:27:41.194,31.782639949681013,19.61270144958496,5.2816088623046875,19.191920507812497,-16.717557251908396,-104.16030534351145,6.343511450381679,6.036328125,52.8984375,-64.894921875,
1749734861.2081997,2025-06-12 20:27:41.208,31.063797286368946,-10.376469995117187,0.22266075439453123,13.977349291992187,11.183206106870228,55.16030534351145,-0.29770992366412213,7.9892578125,52.3623046875,-64.3798828125,
1749734861.2217426,2025-06-12 20:27:41.221,30.96795159792734,1.7118541870117185,2.003946789550781,10.172962854003906,7.358778625954199,4.099236641221374,-1.4198473282442747,7.1015625,52.541015625,-63.86484375,
1749734861.23537,2025-06-12 20:27:41.235,31.447180040135382,-2.422932080078125,-0.4740519287109375,14.379575170898436,-14.587786259541986,-82.1145038167939,-0.1297709923664122,8.3443359375,51.2900390625,-64.0365234375,
1749734861.2490406,2025-06-12 20:27:41.249,31.39925719591458,0.411802685546875,3.797203833007812,8.781931689453124,21.66412213740458,9.106870229007633,-7.786259541984733,6.2138671875,51.2900390625,-63.693164062499996,
1749734861.2625647,2025-06-12 20:27:41.262,32.40563692455147,-6.086060620117187,-5.3199160888671875,9.909600671386718,9.961832061068701,40.458015267175576,-10.038167938931299,5.326171875,53.255859375,-63.178124999999994,
1749734861.2761126,2025-06-12 20:27:41.276,31.01587444214814,-2.3343466186523436,-11.724405529785155,19.61270144958496,2.5343511450381677,-7.091603053435114,-2.33587786259542,7.279101562499999,53.4345703125,-64.3798828125,
1749734861.2911618,2025-06-12 20:27:41.291,32.357714080330666,-1.6352397338867186,-1.8267758666992187,-0.6512228515624999,-1.3129770992366412,-74.05343511450381,6.961832061068702,6.39140625,51.46875,-63.86484375,
1749734861.3049467,2025-06-12 20:27:41.304,31.543025728576993,-9.739612353515625,-1.697488977050781,8.295908752441406,0.9847328244274809,18.236641221374047,0.15267175572519084,6.39140625,52.18359375,-63.521484375,
1749734861.3185272,2025-06-12 20:27:41.318,31.73471710546021,19.167978491210935,-5.655104321289063,19.61270144958496,14.969465648854962,-112.41984732824427,3.0076335877862594,7.9892578125,53.7919921875,-65.0666015625,
1749734861.3320165,2025-06-12 20:27:41.332,31.543025728576993,-19.6133,3.6918589599609373,-1.5011644409179687,13.977099236641221,108.38167938931298,-5.091603053435114,6.036328125,51.826171875,-63.86484375,
1749734861.3450897,2025-06-12 20:27:41.345,30.96795159792734,-7.987056738281249,-4.771643908691406,-4.07971962890625,8.038167938931299,-90.07633587786259,-17.267175572519083,7.279101562499999,52.0048828125,-62.6630859375,
1749734861.3579316,2025-06-12 20:27:41.357,32.40563692455147,0.3232172241210937,-1.8650830932617186,12.883199133300781,2.0839694656488548,-10.320610687022901,-4.419847328244275,6.2138671875,51.6474609375,-64.3798828125,
1749734861.3708165,2025-06-12 20:27:41.370,30.96795159792734,6.150704064941406,-0.9744400756835937,11.01332763671875,19.18320610687023,-23.595419847328245,1.213740458015267,7.279101562499999,52.7197265625,-64.0365234375,
1749734861.3841324,2025-06-12 20:27:41.384,31.73471710546021,0.9552864624023437,5.825092639160156,6.442796667480469,-1.2061068702290076,-7.969465648854962,1.9770992366412214,6.746484375,53.255859375,-63.178124999999994,
1749734861.3983705,2025-06-12 20:27:41.398,31.73471710546021,1.5658078857421873,-12.536039892578124,12.871228125,-6.229007633587786,-106.58778625954199,0.9770992366412213,7.6341796875,53.7919921875,-64.0365234375,
1749734861.4113917,2025-06-12 20:27:41.411,30.96795159792734,4.053383410644531,4.862623571777344,12.799402075195312,7.1603053435114505,80.54198473282443,-13.16793893129771,6.746484375,53.970703125,-65.23828125,
1749734861.4243016,2025-06-12 20:27:41.424,31.73471710546021,-19.462465295410155,1.9512743530273435,-1.0175357055664063,-1.9618320610687023,-65.81679389312977,0.06870229007633588,7.81171875,53.970703125,-63.86484375,
1749734861.4376838,2025-06-12 20:27:41.437,31.73471710546021,9.351751684570312,-6.179434484863281,19.61270144958496,6.229007633587786,18.6793893129771,15.534351145038167,6.9240234375,52.0048828125,-63.3498046875,
1749734861.4511,2025-06-12 20:27:41.451,31.590948572797796,-12.253524096679687,0.7326257080078125,6.0908490234374995,21.549618320610687,74.19847328244275,5.412213740458015,8.166796875,52.541015625,-62.834765624999996,
1749734861.4641206,2025-06-12 20:27:41.464,31.063797286368946,-9.665392102050781,4.283226770019531,3.1866824096679687,7.732824427480916,24.480916030534353,5.977099236641221,7.81171875,51.46875,-64.5515625,
1749734861.4769547,2025-06-12 20:27:41.476,32.30979123610986,2.6312276245117188,-3.27526787109375,18.23423984375,14.305343511450381,-78.22137404580153,-10.86259541984733,8.166796875,51.826171875,-63.521484375,
1749734861.4897947,2025-06-12 20:27:41.489,31.6388714170186,0.0383072265625,1.8291700683593748,3.660734338378906,-5.213740458015267,35.969465648854964,-1.1603053435114503,5.8587890625,53.0771484375,-63.0064453125,
1749734861.5025399,2025-06-12 20:27:41.502,31.73471710546021,8.458714465332031,-0.6009446166992187,7.41244833984375,-9.534351145038167,-55.06106870229008,4.480916030534351,6.39140625,52.541015625,-62.834765624999996,
1749734861.5170562,2025-06-12 20:27:41.517,31.782639949681013,-4.817133740234374,-2.73896669921875,19.61270144958496,15.625954198473282,40.02290076335878,7.320610687022901,6.746484375,53.255859375,-64.208203125,
1749734861.529943,2025-06-12 20:27:41.529,31.159642974810556,-4.405331054687499,1.4413093994140624,5.49708701171875,-6.66412213740458,4.969465648854962,7.244274809160306,8.166796875,53.255859375,-63.521484375,
1749734861.5439706,2025-06-12 20:27:41.543,32.30979123610986,0.2346317626953125,5.1140147460937495,8.633491186523438,-4.251908396946565,32.81679389312977,-7.190839694656488,8.521875,52.18359375,-64.5515625,
1749734861.55774,2025-06-12 20:27:41.557,31.782639949681013,12.330138549804687,-6.845022546386718,15.32229207458496,30.38167938931298,-86.09923664122137,8.816793893129772,6.746484375,50.75390625,-63.178124999999994,
1749734861.571294,2025-06-12 20:27:41.571,31.159642974810556,-2.0973206542968748,7.122749938964843,8.339004382324218,-5.366412213740458,129.12213740458014,1.9236641221374047,8.3443359375,52.7197265625,-63.3498046875,
1749734861.58482,2025-06-12 20:27:41.584,31.73471710546021,3.0639795745849607,0.6440402465820312,5.221753820800781,3.381679389312977,-99.8854961832061,1.5572519083969465,6.2138671875,53.0771484375,-63.0064453125,
1749734861.598639,2025-06-12 20:27:41.598,31.6388714170186,3.938461730957031,5.272032055664062,19.539079748535155,36.10687022900763,111.92366412213741,2.4122137404580153,7.9892578125,52.7197265625,-62.6630859375,
1749734861.6121652,2025-06-12 20:27:41.612,32.40563692455147,-5.686228942871093,3.912125512695312,8.623914379882812,-1.5190839694656488,49.74045801526717,3.9770992366412212,4.7935546874999995,52.7197265625,-62.6630859375,
1749734861.627154,2025-06-12 20:27:41.627,31.73471710546021,2.195482922363281,1.889025109863281,10.486603271484375,-5.6183206106870225,12.465648854961833,-7.419847328244275,6.9240234375,52.7197265625,-63.693164062499996,
1749734861.6403508,2025-06-12 20:27:41.640,31.6388714170186,4.979939453125,5.439626171875,17.87750379638672,19.69465648854962,36.961832061068705,-3.5114503816793894,7.81171875,52.541015625,-62.834765624999996,
1749734861.653452,2025-06-12 20:27:41.653,32.21394554766825,-8.391676818847655,7.40526573486328,14.800954663085937,-8.396946564885496,4.030534351145038,14.51908396946565,5.1486328125,54.1494140625,-63.3498046875,
1749734861.6663136,2025-06-12 20:27:41.666,30.96795159792734,6.167463476562499,-0.6153098266601562,8.315062365722655,2.5419847328244276,-58.93129770992366,-3.549618320610687,6.39140625,53.255859375,-63.521484375,
1749734861.6792545,2025-06-12 20:27:41.679,31.01587444214814,-0.05985504150390625,-3.2321722412109373,16.977283972167967,15.86259541984733,-11.961832061068701,13.946564885496183,7.1015625,51.111328125,-63.86484375,
1749734861.6919606,2025-06-12 20:27:41.691,31.543025728576993,0.18914193115234373,2.4157494750976563,8.350975390624999,6.541984732824427,42.61832061068702,8.068702290076336,8.521875,52.8984375,-63.86484375,
1749734861.705066,2025-06-12 20:27:41.705,31.782639949681013,0.6392518432617187,0.04548983154296875,8.82263311767578,-7.343511450381679,-14.885496183206106,4.893129770992366,6.746484375,52.8984375,-63.521484375,
1749734861.717929,2025-06-12 20:27:41.717,31.063797286368946,9.82580361328125,-1.85790048828125,16.692373974609374,28.106870229007633,5.641221374045801,8.641221374045802,7.9892578125,50.5751953125,-64.0365234375,83.65868997945331
1749734861.7367902,2025-06-12 20:27:41.736,31.063797286368946,-5.4515971801757805,-3.143586779785156,1.5634136840820312,1.6488549618320612,-44.6793893129771,-11.427480916030534,6.2138671875,52.7197265625,-64.0365234375,
1749734861.7514837,2025-06-12 20:27:41.751,31.543025728576993,-10.251971508789062,1.426944189453125,13.860033410644531,3.8396946564885495,-62.47328244274809,3.984732824427481,,,,83.27778617941516
1749734861.7645037,2025-06-12 20:27:41.764,31.590948572797796,6.593631372070312,0.9959878906249999,10.788272680664061,9.67175572519084,19.33587786259542,4.679389312977099,6.5689453124999995,52.0048828125,-63.693164062499996,
1749734861.777441,2025-06-12 20:27:41.777,31.73471710546021,-14.841656091308593,2.080561242675781,0.8858546142578124,11.458015267175572,13.778625954198473,-2.0763358778625953,7.81171875,52.8984375,-62.148046875,
1749734861.7907882,2025-06-12 20:27:41.790,32.30979123610986,-0.143652099609375,-9.720458740234374,17.54231556396484,11.65648854961832,-49.36641221374046,7.961832061068702,6.746484375,52.541015625,-64.5515625,
1749734861.8037877,2025-06-12 20:27:41.803,30.96795159792734,-5.6407391113281244,-1.4173673828125,1.1707646118164061,9.603053435114504,118.29770992366412,-14.992366412213741,7.279101562499999,52.3623046875,-63.0064453125,
1749734861.8170142,2025-06-12 20:27:41.817,31.73471710546021,-13.302184423828125,-6.739677673339843,5.269637854003906,-4.3816793893129775,33.541984732824424,-1.282442748091603,8.166796875,52.541015625,-63.178124999999994,
1749734861.8301387,2025-06-12 20:27:41.830,32.40563692455147,-2.664746447753906,1.8746598999023436,18.73702219238281,32.30534351145038,51.045801526717554,1.786259541984733,6.9240234375,52.3623046875,-65.0666015625,
1749734861.8429692,2025-06-12 20:27:41.842,31.6388714170186,1.9800047729492187,2.7365724975585937,4.297591979980469,7.900763358778626,10.526717557251908,-4.9541984732824424,7.279101562499999,52.0048828125,-63.693164062499996,
1749734861.857443,2025-06-12 20:27:41.857,32.40563692455147,-9.821015209960937,-2.2457611572265623,-4.924872814941406,7.068702290076335,-1.1603053435114503,-0.5190839694656488,8.699414062499999,53.4345703125,-63.3498046875,
1749734861.8703716,2025-06-12 20:27:41.870,31.6388714170186,1.9823989746093749,-13.366827868652344,17.92718348083496,24.366412213740457,-27.46564885496183,2.6259541984732824,7.9892578125,51.2900390625,-63.0064453125,
1749734861.8833427,2025-06-12 20:27:41.883,31.543025728576993,-6.8402341430664055,3.0693665283203124,3.1268273681640624,3.351145038167939,57.229007633587784,-6.679389312977099,7.4566406249999995,52.8984375,-62.834765624999996,
1749734861.8963764,2025-06-12 20:27:41.896,31.543025728576993,1.5562310791015623,3.603273498535156,6.337451794433593,-12.198473282442748,-59.50381679389313,-1.083969465648855,7.9892578125,53.7919921875,-64.0365234375,
1749734861.909272,2025-06-12 20:27:41.909,31.01587444214814,2.032677209472656,2.5905261962890624,18.528726647949217,21.99236641221374,-4.00763358778626,2.068702290076336,5.5037109375,54.5068359375,-64.3798828125,
1749734861.9220881,2025-06-12 20:27:41.922,31.73471710546021,-3.641580725097656,-0.39743747558593745,6.763619689941406,-6.801526717557252,7.870229007633588,6.175572519083969,,,,82.13877853257718
1749734861.9350526,2025-06-12 20:27:41.935,31.01587444214814,-5.961562133789062,-4.2305543334960936,1.0965443603515623,3.5801526717557253,8.793893129770993,-6.450381679389313,7.6341796875,54.1494140625,-62.319726562499994,
1749734861.9486833,2025-06-12 20:27:41.948,31.447180040135382,-4.357447021484375,0.20829554443359374,18.579004882812498,27.48854961832061,25.52671755725191,16.229007633587788,7.6341796875,52.0048828125,-63.693164062499996,
1749734861.9628026,2025-06-12 20:27:41.962,31.159642974810556,-3.833116857910156,-1.3383587280273437,8.652644799804687,9.114503816793894,15.954198473282442,19.885496183206108,7.6341796875,53.4345703125,-61.976367187499996,
1749734861.9759724,2025-06-12 20:27:41.975,31.782639949681013,-1.7166425903320313,2.0877438476562498,5.858611462402344,-5.793893129770993,-1.633587786259542,6.206106870229007,6.746484375,52.541015625,-64.208203125,
1749734861.9888723,2025-06-12 20:27:41.988,32.30979123610986,-2.5665841796874997,-4.352658618164062,15.337255834960937,19.908396946564885,31.236641221374047,7.7251908396946565,6.746484375,52.8984375,-63.86484375,83.35654602695769
1749734862.0056243,2025-06-12 20:27:42.005,31.063797286368946,-3.842693664550781,6.002263562011718,6.974309436035155,15.381679389312977,-34.50381679389313,0.9618320610687023,8.166796875,53.255859375,-64.208203125,
1749734862.0193763,2025-06-12 20:27:42.019,31.782639949681013,4.527435339355469,3.782838623046875,14.935029956054686,-3.8931297709923665,55.51908396946565,2.6564885496183206,8.3443359375,53.7919921875,-63.3498046875,
1749734862.0330448,2025-06-12 20:27:42.033,32.07017701500584,7.295132458496093,1.618480322265625,11.48498536376953,10.236641221374045,-25.03053435114504,-4.3893129770992365,6.746484375,52.541015625,-64.894921875,
1749734862.0475066,2025-06-12 20:27:42.047,31.159642974810556,-0.9696516723632812,8.482656481933594,1.889025109863281,19.419847328244273,32.954198473282446,2.3053435114503817,7.4566406249999995,52.8984375,-64.208203125,
1749734862.0612183,2025-06-12 20:27:42.061,31.447180040135382,2.4396914916992185,-5.9783215454101555,11.79862578125,2.5801526717557253,-26.31297709923664,-9.816793893129772,7.4566406249999995,53.255859375,-63.521484375,
1749734862.0761764,2025-06-12 20:27:42.076,30.96795159792734,5.446808776855469,-0.737414111328125,5.805939025878906,15.488549618320612,-20.442748091603054,17.480916030534353,6.39140625,51.46875,-62.834765624999996,
1749734862.090254,2025-06-12 20:27:42.090,30.96795159792734,-10.266336718749999,4.036623999023437,6.232106921386718,4.374045801526718,37.412213740458014,-1.213740458015267,6.5689453124999995,53.7919921875,-63.3498046875,
1749734862.1039617,2025-06-12 20:27:42.103,31.73471710546021,-0.7948749511718749,-9.660603698730467,19.61270144958496,21.72519083969466,-58.3587786259542,-1.0687022900763359,7.279101562499999,51.6474609375,-63.0064453125,
1749734862.1171532,2025-06-12 20:27:42.117,31.73471710546021,-1.2018892333984375,2.834734765625,4.412513659667969,28.206106870229007,91.62595419847328,-13.381679389312977,7.4566406249999995,53.61328125,-63.521484375,
1749734862.1299675,2025-06-12 20:27:42.129,31.782639949681013,-14.88714592285156,-1.7980454467773437,-8.379705810546875,-5.687022900763359,-80.22137404580153,-3.4122137404580153,7.1015625,52.8984375,-63.178124999999994,
1749734862.1431584,2025-06-12 20:27:42.143,31.01587444214814,5.875370874023437,-4.953603234863281,19.486407312011718,4.282442748091603,4.816793893129771,-7.473282442748092,6.39140625,52.18359375,-64.5515625,
1749734862.1561997,2025-06-12 20:27:42.156,31.590948572797796,11.49216796875,2.645592834472656,0.5363011718749999,25.19083969465649,-38.274809160305345,0.7557251908396947,8.166796875,51.46875,-63.178124999999994,
1749734862.1694825,2025-06-12 20:27:42.169,31.73471710546021,2.760514514160156,0.3447650390625,0.5410895751953124,-1.9083969465648856,13.778625954198473,5.0458015267175576,6.746484375,52.18359375,-63.178124999999994,81.92250393439205
1749734862.1874604,2025-06-12 20:27:42.187,31.782639949681013,10.793061083984375,-6.904877587890625,19.61270144958496,27.236641221374047,-3.053435114503817,-1.3969465648854962,7.4566406249999995,53.255859375,-62.834765624999996,
1749734862.2012212,2025-06-12 20:27:42.201,32.357714080330666,-13.711592907714843,11.75313594970703,-0.3447650390625,7.625954198473282,-13.32824427480916,5.786259541984733,6.5689453124999995,53.0771484375,-63.0064453125,
1749734862.2149374,2025-06-12 20:27:42.214,31.590948572797796,7.074865905761718,-1.3455413330078123,10.01015714111328,6.732824427480916,9.816793893129772,-2.7022900763358777,6.5689453124999995,53.7919921875,-63.3498046875,
1749734862.2286017,2025-06-12 20:27:42.228,31.73471710546021,-7.429207751464843,-2.6671406494140624,15.677232470703125,18.015267175572518,100.66412213740458,-4.198473282442748,6.9240234375,52.0048828125,-63.0064453125,
1749734862.2423177,2025-06-12 20:27:42.242,31.782639949681013,-13.20881055908203,1.66636435546875,4.936843823242187,3.114503816793893,-79.73282442748092,6.778625954198473,6.9240234375,53.7919921875,-63.693164062499996,
1749734862.2558644,2025-06-12 20:27:42.255,31.73471710546021,0.7541735229492187,5.384559533691406,15.677232470703125,1.6717557251908397,31.549618320610687,1.3053435114503817,6.5689453124999995,52.3623046875,-64.3798828125,
1749734862.269135,2025-06-12 20:27:42.269,31.73471710546021,-6.0333881835937495,1.1324573852539062,8.461108666992187,18.61832061068702,-8.465648854961833,-0.7480916030534351,7.9892578125,50.9326171875,-61.6330078125,
1749734862.2820053,2025-06-12 20:27:42.282,31.447180040135382,-3.134009973144531,10.177751257324218,5.212177014160156,3.687022900763359,-5.748091603053435,4.3816793893129775,7.1015625,53.61328125,-63.521484375,
1749734862.2949467,2025-06-12 20:27:42.294,31.73471710546021,1.5418658691406248,-2.327164013671875,16.488866833496093,-5.801526717557252,-28.9618320610687,-1.9770992366412214,7.4566406249999995,51.826171875,-64.208203125,
1749734862.3094463,2025-06-12 20:27:42.309,31.6388714170186,-18.962077148437498,0.93852705078125,10.376469995117187,25.290076335877863,60.41984732824427,-8.854961832061068,6.746484375,51.111328125,-63.521484375,
1749734862.3224163,2025-06-12 20:27:42.322,30.96795159792734,-9.583989245605467,-3.303998291015625,6.246472131347656,15.15267175572519,-44.412213740458014,2.33587786259542,6.746484375,51.826171875,-63.178124999999994,
1749734862.3352847,2025-06-12 20:27:42.335,30.96795159792734,4.058171813964844,0.8571241943359375,17.11614766845703,6.709923664122138,34.29770992366412,-1.099236641221374,6.5689453124999995,51.6474609375,-62.319726562499994,
1749734862.348189,2025-06-12 20:27:42.348,31.73471710546021,-1.9800047729492187,-0.6296750366210937,10.606313354492187,19.46564885496183,8.267175572519085,-8.83969465648855,6.5689453124999995,51.6474609375,-63.3498046875,
1749734862.3609715,2025-06-12 20:27:42.360,31.926408482343426,-13.342885852050781,2.0087351928710935,-2.7724855224609373,-2.49618320610687,-48.900763358778626,1.4045801526717556,7.9892578125,51.6474609375,-61.6330078125,
1749734862.3738766,2025-06-12 20:27:42.373,32.357714080330666,13.699621899414062,-6.5026517089843745,16.08843660583496,-12.01526717557252,-70.74045801526718,-13.145038167938932,,,,82.08579600289774
1749734862.3869138,2025-06-12 20:27:42.386,31.73471710546021,-10.149020837402343,-0.2442085693359375,12.73715283203125,17.625954198473284,-11.16793893129771,-18.251908396946565,6.746484375,52.541015625,-63.521484375,
1749734862.3998404,2025-06-12 20:27:42.399,31.6388714170186,2.059013427734375,3.1028853515624997,3.7229835815429686,-8.16030534351145,-68.82442748091603,4.091603053435114,6.39140625,52.18359375,-61.461328124999994,
1749734862.4140158,2025-06-12 20:27:42.414,32.30979123610986,-8.549694128417968,3.660734338378906,2.1308394775390624,-1.4274809160305344,-48.02290076335878,-6.030534351145038,7.4566406249999995,53.61328125,-64.208203125,
1749734862.4272494,2025-06-12 20:27:42.427,31.782639949681013,10.273519323730468,-5.257666845703125,19.61270144958496,16.297709923664122,12.977099236641221,-2.053435114503817,7.81171875,53.255859375,-63.521484375,
1749734862.4402773,2025-06-12 20:27:42.440,31.73471710546021,5.432443566894531,12.921506359863281,11.61906065673828,2.50381679389313,16.549618320610687,22.52671755725191,7.1015625,53.970703125,-63.178124999999994,83.11068380472213
1749734862.4569314,2025-06-12 20:27:42.456,31.6388714170186,1.3144167114257812,-1.6448165405273436,15.923835241699217,-4.557251908396947,15.076335877862595,8.961832061068701,6.9240234375,52.0048828125,-64.0365234375,
1749734862.4699004,2025-06-12 20:27:42.469,32.30979123610986,-2.1715409057617188,-6.5218053222656245,13.658920471191406,17.290076335877863,75.6412213740458,-5.412213740458015,6.39140625,51.826171875,-62.834765624999996,
1749734862.4829745,2025-06-12 20:27:42.482,32.40563692455147,-19.6133,7.031770275878906,-0.3184288208007812,2.16793893129771,-17.068702290076335,1.8549618320610688,8.3443359375,53.4345703125,-65.0666015625,
1749734862.495883,2025-06-12 20:27:42.495,31.782639949681013,11.722011328125,-0.009576806640625,19.61270144958496,-6.549618320610687,-70.6412213740458,-0.648854961832061,7.4566406249999995,52.18359375,-62.49140625,
1749734862.5087557,2025-06-12 20:27:42.508,31.782639949681013,-1.7693150268554687,3.066972326660156,9.579200842285156,8.65648854961832,-7.267175572519084,5.015267175572519,6.39140625,52.541015625,-63.521484375,
1749734862.5216014,2025-06-12 20:27:42.521,32.07017701500584,-6.593631372070312,-3.821145849609375,-3.0741549316406247,0.32061068702290074,34.48091603053435,-0.29770992366412213,5.8587890625,53.0771484375,-63.0064453125,
1749734862.5360274,2025-06-12 20:27:42.536,32.30979123610986,8.058882788085937,-7.307103466796875,19.61270144958496,14.923664122137405,56.18320610687023,4.442748091603053,8.166796875,51.111328125,-63.521484375,
1749734862.5497558,2025-06-12 20:27:42.549,31.590948572797796,-7.644685900878906,-0.3687070556640625,5.9017070922851556,26.374045801526716,-20.763358778625953,11.351145038167939,8.166796875,49.681640625,-63.86484375,
1749734862.5634336,2025-06-12 20:27:42.563,30.96795159792734,-6.5409589355468745,-2.7916391357421872,-0.00239420166015625,5.755725190839694,-0.05343511450381679,-5.221374045801527,6.5689453124999995,53.0771484375,-61.976367187499996,
1749734862.5770762,2025-06-12 20:27:42.577,31.83056279390182,-14.26225928955078,-10.843339318847656,13.797784167480469,15.473282442748092,-77.22900763358778,-1.213740458015267,7.81171875,52.8984375,-64.5515625,
1749734862.5907953,2025-06-12 20:27:42.590,31.926408482343426,18.677167150878905,2.3822306518554686,12.131419812011718,-0.3969465648854962,34.725190839694655,3.404580152671756,7.81171875,52.541015625,-62.49140625,
1749734862.6043718,2025-06-12 20:27:42.604,31.73471710546021,-18.672378747558593,-4.618415002441406,-1.3910311645507811,-1.8702290076335877,19.81679389312977,-4.465648854961832,7.4566406249999995,52.541015625,-63.178124999999994,
1749734862.617877,2025-06-12 20:27:42.617,31.063797286368946,6.433219860839843,-1.1061211669921875,17.31426785583496,1.1908396946564885,30.84732824427481,-18.099236641221374,7.9892578125,52.0048828125,-64.0365234375,
1749734862.6313992,2025-06-12 20:27:42.631,32.40563692455147,-15.497667346191406,-1.3000515014648437,0.7589619262695312,21.48854961832061,-57.961832061068705,7.656488549618321,8.699414062499999,51.2900390625,-63.3498046875,
1749734862.646335,2025-06-12 20:27:42.646,31.063797286368946,-15.164873315429686,3.517082238769531,4.896142395019531,-6.267175572519084,64.9618320610687,9.076335877862595,7.4566406249999995,52.541015625,-63.178124999999994,
1749734862.6599221,2025-06-12 20:27:42.659,31.590948572797796,2.6503812377929687,-2.31758720703125,16.534356665039063,31.259541984732824,-19.786259541984734,0.3282442748091603,6.036328125,53.255859375,-64.208203125,82.59958299763622
1749734862.6776497,2025-06-12 20:27:42.677,31.73471710546021,-9.65342109375,1.4317325927734375,-2.863465185546875,1.0687022900763359,-7.824427480916031,3.3969465648854964,7.279101562499999,53.0771484375,-63.0064453125,
1749734862.6913438,2025-06-12 20:27:42.691,31.01587444214814,-8.092401611328125,-6.943184814453125,12.160150231933594,1.916030534351145,-33.17557251908397,-0.16793893129770993,7.81171875,52.8984375,-62.834765624999996,
1749734862.7049475,2025-06-12 20:27:42.704,32.21394554766825,7.821856823730468,2.0063409912109376,11.247959399414063,15.19083969465649,51.458015267175576,-1.7404580152671756,5.326171875,51.826171875,-64.5515625,
1749734862.7186594,2025-06-12 20:27:42.718,31.01587444214814,-13.32373223876953,2.0254946044921875,2.1787235107421874,1.015267175572519,11.13740458015267,-4.458015267175573,7.279101562499999,53.0771484375,-63.0064453125,
1749734862.7322052,2025-06-12 20:27:42.732,31.01587444214814,11.587936035156249,-3.5960908935546874,19.30624363708496,8.625954198473282,-12.900763358778626,-14.854961832061068,8.3443359375,51.6474609375,-64.3798828125,
1749734862.7461138,2025-06-12 20:27:42.746,31.782639949681013,5.875370874023437,-7.912836486816405,8.1594392578125,16.290076335877863,1.3053435114503817,-3.2748091603053435,7.9892578125,51.2900390625,-63.3498046875,
1749734862.7604897,2025-06-12 20:27:42.760,31.6388714170186,-18.018761694335936,-3.517082238769531,13.48414375,-1.6488549618320612,18.862595419847327,-0.1297709923664122,7.1015625,53.970703125,-62.49140625,80.82240786724756
1749734862.7783983,2025-06-12 20:27:42.778,30.96795159792734,-9.926360083007811,-0.6775590698242188,13.481749548339844,11.404580152671755,-75.69465648854961,7.564885496183206,6.9240234375,51.6474609375,-64.72324218749999,
1749734862.7921107,2025-06-12 20:27:42.792,31.73471710546021,-2.5378537597656248,2.8012159423828122,3.306392492675781,14.80916030534351,22.938931297709924,-3.6793893129770994,6.746484375,51.826171875,-63.521484375,
1749734862.8057237,2025-06-12 20:27:42.805,30.96795159792734,0.062249243164062495,0.718260498046875,9.100360510253905,-0.015267175572519083,-2.4732824427480917,-0.8091603053435115,7.81171875,52.18359375,-65.58164062499999,
1749734862.8199334,2025-06-12 20:27:42.819,31.782639949681013,4.805162731933594,4.235342736816406,19.335572607421874,37.48854961832061,55.847328244274806,-8.229007633587786,7.4566406249999995,50.0390625,-63.178124999999994,
1749734862.8335917,2025-06-12 20:27:42.833,32.357714080330666,-1.1252747802734375,7.453149768066406,5.748478186035156,12.106870229007633,-51.30534351145038,-0.3816793893129771,6.036328125,53.255859375,-63.86484375,
1749734862.8470948,2025-06-12 20:27:42.847,32.40563692455147,5.6191912963867185,-0.82360537109375,17.700332873535157,-0.061068702290076333,51.81679389312977,-9.633587786259541,7.9892578125,50.5751953125,-64.72324218749999,
1749734862.8619814,2025-06-12 20:27:42.861,31.543025728576993,14.24968973083496,1.7812860351562498,6.174646081542968,11.48091603053435,-56.48091603053435,10.427480916030534,7.1015625,52.18359375,-63.86484375,
1749734862.8759713,2025-06-12 20:27:42.875,31.447180040135382,-13.7906015625,0.5817910034179687,3.248931652832031,-2.648854961832061,61.343511450381676,-5.931297709923665,8.166796875,52.541015625,-63.86484375,
1749734862.8895268,2025-06-12 20:27:42.889,30.96795159792734,15.674838269042969,-3.900154504394531,19.61270144958496,-0.5343511450381679,-144.82442748091603,-7.519083969465649,7.279101562499999,51.2900390625,-64.72324218749999,
1749734862.9034998,2025-06-12 20:27:42.903,32.21394554766825,5.236119030761718,0.6655880615234374,3.881000891113281,20.793893129770993,74.40458015267176,-5.251908396946565,5.8587890625,52.0048828125,-64.0365234375,
1749734862.917309,2025-06-12 20:27:42.917,30.96795159792734,6.277596752929687,-4.604049792480469,7.766790185546874,-2.9618320610687023,-13.694656488549619,2.885496183206107,8.166796875,52.18359375,-64.208203125,
1749734862.93108,2025-06-12 20:27:42.931,32.40563692455147,-14.180856433105468,-0.6009446166992187,12.955025183105468,13.770992366412214,-25.244274809160306,0.9847328244274809,7.9892578125,51.2900390625,-65.7533203125,
1749734862.9452565,2025-06-12 20:27:42.945,31.782639949681013,15.136142895507811,6.880935571289062,8.966285217285156,0.1297709923664122,-18.48854961832061,4.0534351145038165,7.6341796875,53.4345703125,-61.6330078125,
1749734862.9590814,2025-06-12 20:27:42.959,32.21394554766825,-11.463437548828125,1.3934253662109375,2.96881005859375,1.786259541984733,-8.641221374045802,-1.0076335877862594,6.39140625,52.8984375,-64.208203125,
1749734862.974071,2025-06-12 20:27:42.974,31.73471710546021,2.583343591308594,2.020706201171875,19.61270144958496,24.48854961832061,38.229007633587784,-2.763358778625954,7.1015625,52.18359375,-63.86484375,
1749734862.9879804,2025-06-12 20:27:42.987,32.40563692455147,-5.865794067382812,7.091625317382812,4.285620971679688,-8.389312977099237,-32.916030534351144,10.526717557251908,7.81171875,53.255859375,-62.49140625,
1749734863.0015862,2025-06-12 20:27:43.001,31.447180040135382,8.645462194824217,0.17956512451171874,13.632584252929687,-9.17557251908397,-45.70992366412214,-8.106870229007633,6.5689453124999995,53.0771484375,-61.976367187499996,81.47551969533383
1749734863.0188913,2025-06-12 20:27:43.018,32.30979123610986,5.008669873046875,-3.3446997192382812,12.859257116699219,7.312977099236641,73.22900763358778,11.045801526717558,6.746484375,51.46875,-64.208203125,
1749734863.032555,2025-06-12 20:27:43.032,31.543025728576993,-13.378798876953125,-1.5298948608398437,2.6575638427734374,-0.3969465648854962,-17.6793893129771,-2.2595419847328246,8.166796875,53.970703125,-64.208203125,
1749734863.046058,2025-06-12 20:27:43.046,31.590948572797796,10.742782849121093,-4.141968872070312,19.61270144958496,11.358778625954198,-98.7175572519084,3.648854961832061,6.746484375,52.541015625,-62.49140625,
1749734863.0596473,2025-06-12 20:27:43.059,30.96795159792734,1.8698714965820311,1.5227122558593749,17.764976318359373,25.31297709923664,69.46564885496183,2.282442748091603,6.5689453124999995,53.0771484375,-63.693164062499996,
1749734863.0731626,2025-06-12 20:27:43.073,32.357714080330666,-4.944026428222656,-11.583147631835937,0.4836287353515625,10.045801526717558,-83.51908396946565,-11.419847328244275,7.279101562499999,53.4345703125,-63.0064453125,
1749734863.0877488,2025-06-12 20:27:43.087,32.40563692455147,-13.795389965820311,-7.091625317382812,18.128894970703122,20.480916030534353,68.45038167938931,1.1908396946564885,7.1015625,52.18359375,-62.834765624999996,
1749734863.1018877,2025-06-12 20:27:43.101,30.96795159792734,-4.206612316894531,-1.024718310546875,8.927977990722656,-7.9465648854961835,38.83969465648855,10.412213740458014,7.1015625,52.8984375,-62.834765624999996,81.60707481260751
1749734863.1193311,2025-06-12 20:27:43.119,31.782639949681013,5.5641246582031245,2.703053674316406,11.295843432617186,-11.564885496183207,-72.22900763358778,1.6717557251908397,6.9240234375,50.9326171875,-62.6630859375,
1749734863.1330252,2025-06-12 20:27:43.133,31.782639949681013,-10.527304699707031,-1.7980454467773437,12.7563064453125,24.793893129770993,59.267175572519086,2.068702290076336,6.036328125,53.255859375,-62.834765624999996,
1749734863.1466205,2025-06-12 20:27:43.146,30.96795159792734,9.107543115234375,10.70686982421875,2.789244934082031,10.793893129770993,-78.50381679389314,-7.076335877862595,7.9892578125,54.1494140625,-61.976367187499996,
1749734863.1601605,2025-06-12 20:27:43.160,31.01587444214814,-13.651737866210937,-2.422932080078125,12.598289135742187,-1.8854961832061068,-22.519083969465647,-17.427480916030536,8.521875,52.18359375,-63.521484375,
1749734863.1737638,2025-06-12 20:27:43.173,32.40563692455147,4.266467358398438,-5.070919116210937,12.751518041992187,6.977099236641221,-37.221374045801525,-1.3282442748091603,7.81171875,52.18359375,-62.834765624999996,
1749734863.187326,2025-06-12 20:27:43.187,32.40563692455147,3.912125512695312,0.11252747802734374,10.187328063964843,-7.648854961832061,14.900763358778626,11.206106870229007,5.8587890625,54.1494140625,-62.6630859375,
1749734863.2031403,2025-06-12 20:27:43.203,31.590948572797796,10.261548315429687,-2.817975354003906,19.61270144958496,3.3969465648854964,-123.06106870229007,-7.3816793893129775,6.9240234375,53.4345703125,-65.0666015625,
1749734863.217069,2025-06-12 20:27:43.217,31.543025728576993,1.8291700683593748,3.0621839233398433,6.823474731445312,7.679389312977099,33.79389312977099,-3.015267175572519,8.521875,52.541015625,-63.86484375,
1749734863.230634,2025-06-12 20:27:43.230,31.590948572797796,-0.19871873779296872,-3.5913024902343746,3.7229835815429686,16.580152671755727,-18.435114503816795,-3.3969465648854964,6.036328125,54.328125,-62.49140625,
1749734863.2441645,2025-06-12 20:27:43.244,31.782639949681013,0.8595183959960937,-3.3159692993164063,15.964536669921873,1.4961832061068703,-1.0763358778625953,-17.99236641221374,5.6812499999999995,52.8984375,-64.894921875,
1749734863.2577658,2025-06-12 20:27:43.257,32.357714080330666,4.3622354248046875,-2.2290017456054687,8.494627490234375,6.801526717557252,-20.12213740458015,11.83969465648855,9.4095703125,51.2900390625,-63.3498046875,
1749734863.2713044,2025-06-12 20:27:43.271,32.357714080330666,-10.647014782714843,5.5449710449218745,1.7262193969726563,-5.984732824427481,-3.8702290076335877,1.1374045801526718,6.746484375,53.255859375,-64.894921875,
1749734863.2853422,2025-06-12 20:27:43.285,31.782639949681013,7.7787611938476555,-3.0502129150390624,19.61270144958496,33.99236641221374,-6.206106870229007,0.5954198473282443,7.1015625,51.111328125,-64.5515625,
1749734863.2990487,2025-06-12 20:27:43.299,31.73471710546021,-1.8435352783203125,1.8531120849609375,3.323151904296875,13.557251908396946,78.54198473282443,-9.198473282442748,7.81171875,52.541015625,-62.49140625,
1749734863.3139431,2025-06-12 20:27:43.313,31.73471710546021,-5.015852478027344,-0.7110778930664062,10.24718310546875,-22.458015267175572,2.8091603053435112,-6.885496183206107,7.6341796875,53.7919921875,-64.0365234375,
1749734863.3279817,2025-06-12 20:27:43.327,32.30979123610986,-15.126566088867186,-0.9864110839843749,4.546588952636719,0.6106870229007634,-31.83969465648855,-5.419847328244275,7.1015625,53.255859375,-63.86484375,
1749734863.341558,2025-06-12 20:27:43.341,30.96795159792734,4.707000463867187,1.22583125,6.950367419433594,9.366412213740459,-18.045801526717558,2.7786259541984735,8.3443359375,53.7919921875,-63.693164062499996,
1749734863.3550646,2025-06-12 20:27:43.355,32.30979123610986,0.16519991455078123,2.6479870361328124,14.559140295410156,-6.3816793893129775,-6.587786259541985,-2.687022900763359,6.036328125,52.8984375,-63.178124999999994,
1749734863.368626,2025-06-12 20:27:43.368,31.83056279390182,4.905719201660156,-2.8467057739257813,6.189011291503906,24.366412213740457,-5.969465648854962,-7.8396946564885495,6.746484375,51.111328125,-62.834765624999996,
1749734863.3831644,2025-06-12 20:27:43.383,31.590948572797796,-9.141061938476563,1.01514150390625,5.894524487304687,5.351145038167939,15.007633587786259,-3.450381679389313,6.9240234375,53.0771484375,-63.0064453125,
1749734863.397504,2025-06-12 20:27:43.397,31.6388714170186,-14.805743066406249,-9.196128576660156,8.353369592285155,-4.702290076335878,-88.52671755725191,4.0,7.81171875,52.541015625,-63.178124999999994,
1749734863.4113781,2025-06-12 20:27:43.411,31.01587444214814,-1.6208745239257811,1.6136919189453125,10.685322009277343,6.419847328244275,66.61068702290076,10.854961832061068,7.4566406249999995,52.18359375,-63.178124999999994,82.92122954087937
1749734863.4304452,2025-06-12 20:27:43.430,31.543025728576993,2.1116858642578125,0.9959878906249999,5.336675500488281,0.48091603053435117,7.198473282442748,3.648854961832061,6.746484375,52.18359375,-63.521484375,
1749734863.4444618,2025-06-12 20:27:43.444,31.6388714170186,-5.212177014160156,-5.971138940429687,12.892775939941405,35.05343511450382,12.045801526717558,2.450381679389313,6.5689453124999995,52.3623046875,-64.72324218749999,
1749734863.458185,2025-06-12 20:27:43.458,31.83056279390182,-0.8690952026367187,8.559270935058594,7.242460021972656,1.7251908396946565,-75.23664122137404,9.19083969465649,6.39140625,54.685546875,-63.521484375,
1749734863.4724927,2025-06-12 20:27:43.472,31.01587444214814,3.0550013183593747,5.312733483886719,13.050793249511718,-3.4656488549618323,38.81679389312977,-12.15267175572519,7.1015625,51.46875,-65.23828125,82.03209909170592
1749734863.4900775,2025-06-12 20:27:43.490,31.6388714170186,-11.152191333007812,-2.003946789550781,5.892130285644531,47.82442748091603,114.26717557251908,-5.572519083969466,7.81171875,52.541015625,-64.5515625,
1749734863.5035598,2025-06-12 20:27:43.503,31.782639949681013,5.947196923828125,1.3646949462890625,3.296815686035156,8.038167938931299,-57.98473282442748,-0.12213740458015267,8.166796875,53.255859375,-62.49140625,
1749734863.517032,2025-06-12 20:27:43.517,30.96795159792734,-6.835445739746094,-9.210493786621093,14.750676428222656,29.213740458015266,56.42748091603053,0.9083969465648855,,,,82.63345446264746
1749734863.5305166,2025-06-12 20:27:43.530,31.782639949681013,-1.8650830932617186,0.6416460449218749,3.246537451171875,25.396946564885496,18.061068702290076,-11.061068702290076,7.279101562499999,51.2900390625,-64.0365234375,
1749734863.545672,2025-06-12 20:27:43.545,31.782639949681013,1.6017209106445311,-3.411737365722656,5.6024318847656245,8.770992366412214,-26.68702290076336,-5.465648854961832,7.6341796875,52.7197265625,-63.0064453125,
1749734863.5594296,2025-06-12 20:27:43.559,32.357714080330666,-5.832275244140624,-4.309562988281249,12.435483422851561,26.061068702290076,14.946564885496183,12.977099236641221,6.39140625,51.46875,-62.49140625,
1749734863.572959,2025-06-12 20:27:43.572,31.73471710546021,9.02135185546875,8.192958081054687,8.667010009765624,13.572519083969466,-16.923664122137403,1.0534351145038168,7.279101562499999,50.9326171875,-64.72324218749999,82.56761857929162
1749734863.5903423,2025-06-12 20:27:43.590,31.30341150747297,-4.697423657226563,0.9002198242187499,2.8514941772460936,3.015267175572519,44.37404580152672,-1.984732824427481,7.9892578125,53.0771484375,-64.3798828125,
1749734863.6039383,2025-06-12 20:27:43.603,31.01587444214814,7.335833886718749,-0.6847416748046875,19.30624363708496,29.84732824427481,-66.36641221374046,3.1603053435114505,7.6341796875,51.2900390625,-63.3498046875,
1749734863.6174495,2025-06-12 20:27:43.617,31.063797286368946,-18.428170178222654,9.572018237304688,8.499415893554687,3.984732824427481,25.46564885496183,20.33587786259542,6.9240234375,54.8642578125,-63.0064453125,
1749734863.6308784,2025-06-12 20:27:43.630,31.543025728576993,4.860229370117187,5.9400143188476555,7.809885815429687,3.83206106870229,-24.045801526717558,-6.67175572519084,7.1015625,52.18359375,-65.23828125,
1749734863.644643,2025-06-12 20:27:43.644,31.73471710546021,4.13718046875,2.1883003173828124,16.840814477539062,28.206106870229007,-19.480916030534353,7.99236641221374,7.6341796875,52.0048828125,-63.0064453125,
1749734863.6598566,2025-06-12 20:27:43.659,31.6388714170186,-16.2422640625,5.272032055664062,4.3622354248046875,9.381679389312977,17.52671755725191,-2.7709923664122136,6.39140625,55.04296875,-64.894921875,
1749734863.6734273,2025-06-12 20:27:43.673,31.782639949681013,3.651157531738281,-6.064512805175781,19.144036474609376,16.33587786259542,-50.20610687022901,4.977099236641221,6.9240234375,51.6474609375,-64.3798828125,81.97767334882431
1749734863.690659,2025-06-12 20:27:43.690,32.40563692455147,7.211335400390625,4.2329485351562495,6.701370446777343,7.022900763358779,-80.05343511450381,9.274809160305344,6.39140625,53.255859375,-61.8046875,
1749734863.7040694,2025-06-12 20:27:43.704,31.01587444214814,-3.679887951660156,4.979939453125,5.815515832519531,4.244274809160306,-6.793893129770993,-1.015267175572519,6.746484375,52.18359375,-63.521484375,
1749734863.7175152,2025-06-12 20:27:43.717,31.01587444214814,4.848258361816406,-1.70467158203125,16.23029305419922,14.603053435114504,43.7557251908397,-2.9389312977099236,,,,80.66230582517184
1749734863.7310908,2025-06-12 20:27:43.731,31.73471710546021,-1.7190367919921874,-0.8355763793945312,9.813832604980469,1.8015267175572518,-28.129770992366414,1.6717557251908397,7.6341796875,51.2900390625,-62.6630859375,
1749734863.7451274,2025-06-12 20:27:43.745,31.73471710546021,-13.230358374023437,1.1276689819335937,-1.9656395629882812,-2.9236641221374047,-78.37404580152672,5.557251908396947,6.746484375,53.255859375,-63.521484375,
1749734863.758394,2025-06-12 20:27:43.758,31.01587444214814,-16.314090112304687,1.4317325927734375,16.335637927246093,19.72519083969466,-41.13740458015267,1.1603053435114503,5.8587890625,51.2900390625,-63.693164062499996,
1749734863.7729902,2025-06-12 20:27:43.772,31.447180040135382,-0.5003881469726562,10.175357055664062,5.046977099609375,0.183206106870229,16.755725190839694,5.893129770992366,7.1015625,51.46875,-62.49140625,
1749734863.7858942,2025-06-12 20:27:43.785,31.447180040135382,-2.1164742675781247,8.24802471923828,3.4644098022460934,-11.244274809160306,-36.87786259541985,-1.8702290076335877,6.9240234375,53.4345703125,-64.0365234375,
1749734863.7993479,2025-06-12 20:27:43.799,32.30979123610986,4.608838195800781,1.1923124267578125,15.241487768554686,25.083969465648856,-18.366412213740457,3.854961832061069,4.97109375,53.255859375,-63.86484375,
1749734863.812181,2025-06-12 20:27:43.812,31.73471710546021,-2.7964275390625,3.201047619628906,7.117961535644531,13.038167938931299,-6.572519083969466,0.5343511450381679,8.521875,52.8984375,-63.521484375,
1749734863.825118,2025-06-12 20:27:43.825,31.83056279390182,-4.623203405761719,1.0103531005859374,11.698069311523437,-9.938931297709924,14.488549618320612,1.1984732824427482,7.1015625,51.826171875,-64.894921875,
1749734863.8384912,2025-06-12 20:27:43.838,31.590948572797796,-1.1276689819335937,-1.3958195678710936,11.104307299804686,17.282442748091604,-35.969465648854964,8.50381679389313,7.6341796875,51.6474609375,-62.6630859375,
1749734863.851608,2025-06-12 20:27:43.851,31.01587444214814,-2.262520568847656,4.5968671875,8.24802471923828,7.687022900763359,36.030534351145036,-5.9541984732824424,7.4566406249999995,53.61328125,-63.86484375,
1749734863.8644812,2025-06-12 20:27:43.864,31.6388714170186,-7.601590270996093,-3.440467785644531,10.412383020019531,-17.34351145038168,-4.847328244274809,-8.709923664122137,6.9240234375,51.6474609375,-65.0666015625,
1749734863.8788533,2025-06-12 20:27:43.878,31.73471710546021,14.425065002441405,-1.93451494140625,14.571111303710937,15.694656488549619,-35.12213740458015,4.694656488549619,7.9892578125,53.0771484375,-63.693164062499996,
1749734863.8918805,2025-06-12 20:27:43.891,31.73471710546021,-14.973337182617186,-8.073247998046874,6.581660363769531,-9.770992366412214,45.11450381679389,4.816793893129771,6.5689453124999995,54.1494140625,-63.3498046875,
1749734863.9048653,2025-06-12 20:27:43.904,32.40563692455147,-2.612074011230469,1.3311761230468748,4.975151049804687,-6.717557251908397,-60.29770992366412,-2.236641221374046,7.81171875,53.255859375,-63.521484375,82.31169686723078
1749734863.9211915,2025-06-12 20:27:43.921,30.96795159792734,0.33758243408203126,-0.469263525390625,12.720393420410156,7.687022900763359,-5.541984732824427,7.885496183206107,8.876953125,53.970703125,-64.208203125,
1749734863.934589,2025-06-12 20:27:43.934,32.40563692455147,-8.441955053710936,-4.005499377441406,3.1292215698242187,4.709923664122138,-5.7251908396946565,-7.625954198473282,7.4566406249999995,53.255859375,-64.208203125,
1749734863.948171,2025-06-12 20:27:43.948,31.01587444214814,-3.0358477050781247,-2.1715409057617188,11.334150659179686,3.3893129770992365,13.778625954198473,-15.778625954198473,6.2138671875,52.0048828125,-64.72324218749999,
1749734863.9621391,2025-06-12 20:27:43.962,31.782639949681013,14.219163659667968,1.6424223388671875,13.402740893554686,14.816793893129772,-23.427480916030536,4.6183206106870225,6.39140625,53.970703125,-63.86484375,
1749734863.9759557,2025-06-12 20:27:43.975,31.01587444214814,-19.57259857177734,-3.411737365722656,-3.19865341796875,-2.5343511450381677,-13.763358778625955,8.923664122137405,7.279101562499999,52.7197265625,-63.3498046875,
1749734863.9910383,2025-06-12 20:27:43.991,31.590948572797796,-3.902548706054687,0.6751648681640625,16.984466577148435,30.106870229007633,4.977099236641221,2.50381679389313,7.279101562499999,52.0048828125,-65.7533203125,
1749734864.0049024,2025-06-12 20:27:44.004,30.96795159792734,10.17056865234375,2.511517541503906,10.55364091796875,7.068702290076335,52.41984732824427,1.9770992366412214,7.279101562499999,52.0048828125,-63.0064453125,
1749734864.0185,2025-06-12 20:27:44.018,31.6388714170186,-5.691017346191406,1.0654197387695312,8.2743609375,-10.122137404580153,-32.50381679389313,-10.65648854961832,6.5689453124999995,53.4345703125,-64.72324218749999,
1749734864.0321622,2025-06-12 20:27:44.032,31.73471710546021,6.7277066650390625,2.281674182128906,17.300501196289062,21.9618320610687,11.50381679389313,-8.50381679389313,7.6341796875,51.6474609375,-64.0365234375,
1749734864.045704,2025-06-12 20:27:44.045,31.73471710546021,-9.679757312011718,9.452308154296874,6.768408093261718,20.427480916030536,73.4885496183206,-5.541984732824427,6.5689453124999995,53.7919921875,-61.976367187499996,
1749734864.0592868,2025-06-12 20:27:44.059,31.782639949681013,8.98304462890625,-3.821145849609375,2.114080065917969,5.030534351145038,-79.9618320610687,-4.572519083969466,7.279101562499999,52.7197265625,-64.3798828125,
1749734864.0729883,2025-06-12 20:27:44.072,31.73471710546021,-8.508992700195313,-0.8690952026367187,19.61270144958496,10.83206106870229,49.00763358778626,6.106870229007634,7.279101562499999,52.3623046875,-64.72324218749999,
1749734864.0865948,2025-06-12 20:27:44.086,31.159642974810556,-13.757082739257811,10.9941740234375,4.0222587890625,-3.015267175572519,43.595419847328245,1.8091603053435115,7.6341796875,52.0048828125,-63.693164062499996,
1749734864.1011913,2025-06-12 20:27:44.101,31.782639949681013,6.931213806152344,-2.990357873535156,13.716381311035155,14.770992366412214,0.46564885496183206,-7.358778625954199,4.97109375,52.8984375,-63.86484375,
1749734864.1149611,2025-06-12 20:27:44.114,31.6388714170186,3.0142998901367184,-2.6575638427734374,7.3932947265625,19.793893129770993,-54.396946564885496,-1.3206106870229009,6.9240234375,52.3623046875,-64.3798828125,82.14403803957725
1749734864.1322658,2025-06-12 20:27:44.132,32.357714080330666,0.3136404174804687,4.335899206542969,4.948814831542968,1.0,-47.083969465648856,-0.8473282442748091,6.746484375,52.8984375,-62.49140625,
1749734864.1457813,2025-06-12 20:27:44.145,31.590948572797796,-19.6133,-5.142745166015625,19.61270144958496,18.297709923664122,107.38931297709924,10.541984732824428,6.9240234375,52.3623046875,-62.6630859375,
1749734864.159327,2025-06-12 20:27:44.159,32.357714080330666,-5.853823059082031,2.81558115234375,-3.42849677734375,-7.847328244274809,-28.229007633587788,-21.984732824427482,7.9892578125,52.7197265625,-63.3498046875,
1749734864.1729329,2025-06-12 20:27:44.172,31.782639949681013,-7.491456994628906,0.7517793212890624,0.2346317626953125,2.2061068702290076,-18.564885496183205,-2.145038167938931,6.036328125,52.541015625,-62.49140625,
1749734864.1865628,2025-06-12 20:27:44.186,31.01587444214814,-5.1714755859374995,-1.5945383056640625,19.61270144958496,19.358778625954198,79.06870229007633,3.9160305343511452,7.6341796875,52.0048828125,-63.693164062499996,
1749734864.2001395,2025-06-12 20:27:44.200,31.782639949681013,-15.703568688964843,3.7325603881835936,-2.5905261962890624,14.83969465648855,0.366412213740458,3.3740458015267176,7.4566406249999995,52.18359375,-64.5515625,
1749734864.2145457,2025-06-12 20:27:44.214,31.782639949681013,4.611232397460937,3.699041564941406,5.468356591796875,-0.5648854961832062,-13.65648854961832,-7.00763358778626,8.699414062499999,54.1494140625,-62.6630859375,82.87223506273965
1749734864.232213,2025-06-12 20:27:44.232,32.40563692455147,-2.9281086303710935,-4.783614916992187,9.49300958251953,8.366412213740459,8.099236641221374,2.6259541984732824,6.036328125,52.18359375,-63.521484375,
1749734864.245762,2025-06-12 20:27:44.245,31.6388714170186,-7.996633544921875,-0.8092401611328125,3.21780703125,-7.175572519083969,-19.72519083969466,0.0,8.521875,52.541015625,-64.894921875,
1749734864.2593682,2025-06-12 20:27:44.259,31.782639949681013,2.5330653564453125,2.5139117431640625,17.779341528320312,11.106870229007633,-26.33587786259542,-8.885496183206106,7.81171875,52.18359375,-63.521484375,
1749734864.2730336,2025-06-12 20:27:44.273,31.73471710546021,7.129932543945312,5.118803149414062,10.721235034179687,-2.66412213740458,-30.900763358778626,2.1374045801526718,7.81171875,51.111328125,-62.49140625,
1749734864.2864766,2025-06-12 20:27:44.286,31.73471710546021,-6.490680700683593,-0.4213794921875,-2.6288334228515624,-5.137404580152672,-48.61832061068702,-1.5419847328244274,6.746484375,53.255859375,-62.49140625,
1749734864.2998343,2025-06-12 20:27:44.299,30.96795159792734,11.875240234375,-1.5969325073242187,19.61270144958496,4.5038167938931295,-66.26717557251908,-0.7099236641221374,8.699414062499999,51.2900390625,-63.0064453125,
1749734864.3131614,2025-06-12 20:27:44.313,31.782639949681013,-0.8906430175781249,-1.458068811035156,11.156979736328124,21.297709923664122,92.89312977099236,1.4122137404580153,7.4566406249999995,52.541015625,-64.5515625,
1749734864.3277009,2025-06-12 20:27:44.327,32.357714080330666,0.47644613037109373,-3.873818286132812,8.207323291015625,1.1984732824427482,12.946564885496183,-3.145038167938931,6.39140625,52.18359375,-62.834765624999996,
1749734864.3412378,2025-06-12 20:27:44.341,32.357714080330666,-6.924031201171875,-3.766079211425781,14.915876342773437,6.66412213740458,-3.9618320610687023,-8.51908396946565,5.5037109375,53.0771484375,-63.693164062499996,
1749734864.3548026,2025-06-12 20:27:44.354,31.782639949681013,4.465186096191406,0.1149216796875,8.923189587402343,4.648854961832061,-23.84732824427481,0.5419847328244275,6.9240234375,52.7197265625,-63.3498046875,
1749734864.3685787,2025-06-12 20:27:44.368,31.73471710546021,-5.796362219238281,2.760514514160156,1.908178723144531,-4.580152671755725,-36.01526717557252,-0.5267175572519084,7.1015625,53.255859375,-63.86484375,
1749734864.3847642,2025-06-12 20:27:44.384,31.73471710546021,19.596540588378904,-1.5729904907226562,19.61270144958496,21.19083969465649,15.793893129770993,2.50381679389313,6.2138671875,52.0048828125,-62.6630859375,81.58360565662629
1749734864.4026153,2025-06-12 20:27:44.402,31.782639949681013,-0.15562310791015624,0.40462008056640625,13.072341064453123,-1.2900763358778626,32.37404580152672,-1.748091603053435,7.1015625,53.255859375,-64.208203125,
1749734864.4162698,2025-06-12 20:27:44.416,30.96795159792734,-5.791573815917968,-5.786785412597656,13.761871142578125,11.458015267175572,-14.84732824427481,-10.610687022900763,7.6341796875,51.6474609375,-63.3498046875,
1749734864.4300215,2025-06-12 20:27:44.430,32.357714080330666,-0.6296750366210937,3.375824340820312,10.982203015136719,-2.366412213740458,13.664122137404581,14.366412213740459,7.279101562499999,51.2900390625,-63.0064453125,
1749734864.4449532,2025-06-12 20:27:44.444,32.30979123610986,-7.589619262695312,8.949525805664061,5.9950809570312495,-11.725190839694656,4.404580152671755,0.7175572519083969,7.6341796875,53.0771484375,-64.0365234375,
1749734864.4586055,2025-06-12 20:27:44.458,32.30979123610986,-7.941566906738281,-4.759672900390624,13.855245007324218,25.374045801526716,-19.091603053435115,-4.3893129770992365,7.81171875,53.255859375,-62.49140625,
1749734864.4720943,2025-06-12 20:27:44.472,31.73471710546021,-0.5410895751953124,6.222530114746093,6.105214233398437,-9.763358778625955,10.01526717557252,0.8702290076335878,7.81171875,54.328125,-65.23828125,
1749734864.4855478,2025-06-12 20:27:44.485,30.96795159792734,-2.0350714111328125,1.5394716674804687,5.999869360351562,4.259541984732825,26.091603053435115,-9.206106870229007,6.2138671875,52.3623046875,-63.0064453125,
1749734864.499029,2025-06-12 20:27:44.499,31.782639949681013,14.999673400878905,-1.1324573852539062,19.61270144958496,8.80916030534351,-137.00763358778627,20.65648854961832,8.699414062499999,52.7197265625,-63.3498046875,
1749734864.5124116,2025-06-12 20:27:44.512,32.07017701500584,-5.722141967773437,6.8210805297851556,7.8529814453124995,4.908396946564886,71.25190839694656,-3.9923664122137406,4.616015625,52.18359375,-62.834765624999996,
1749734864.5258446,2025-06-12 20:27:44.525,31.782639949681013,2.473210314941406,1.6831237670898436,5.006275671386718,-0.2366412213740458,-29.801526717557252,-2.572519083969466,6.746484375,52.541015625,-63.178124999999994,82.51779858704596
1749734864.543509,2025-06-12 20:27:44.543,31.590948572797796,-12.957419384765624,-1.0199299072265624,7.900865478515625,22.045801526717558,5.786259541984733,-6.290076335877862,7.279101562499999,51.6474609375,-64.3798828125,
1749734864.558916,2025-06-12 20:27:44.558,32.40563692455147,-6.157886669921875,8.0062103515625,8.71489404296875,2.5419847328244276,21.259541984732824,4.984732824427481,6.9240234375,52.3623046875,-64.72324218749999,
1749734864.5730066,2025-06-12 20:27:44.573,31.73471710546021,-0.21308394775390624,-1.9656395629882812,10.764330664062498,15.931297709923664,-40.732824427480914,-2.9083969465648853,6.2138671875,52.7197265625,-63.693164062499996,
1749734864.5867248,2025-06-12 20:27:44.586,32.357714080330666,-14.293383911132812,-3.337517114257812,8.825027319335938,9.206106870229007,18.96946564885496,1.0534351145038168,5.6812499999999995,52.8984375,-63.86484375,
1749734864.6005263,2025-06-12 20:27:44.600,31.782639949681013,2.9735984619140625,6.507440112304687,7.398083129882812,3.9236641221374047,-33.11450381679389,-3.4732824427480917,7.1015625,52.541015625,-64.208203125,
1749734864.614418,2025-06-12 20:27:44.614,32.30979123610986,6.459556079101562,-1.1923124267578125,19.61270144958496,17.46564885496183,-4.8320610687022905,-11.564885496183207,6.746484375,52.541015625,-64.894921875,
1749734864.628189,2025-06-12 20:27:44.628,31.73471710546021,4.1563340820312495,-6.545747338867187,0.7062894897460937,30.748091603053435,47.412213740458014,8.374045801526718,7.4566406249999995,52.541015625,-63.86484375,
1749734864.6418304,2025-06-12 20:27:44.641,31.782639949681013,-7.635109094238281,1.180341418457031,2.7269956909179687,-7.435114503816794,21.236641221374047,9.312977099236642,8.166796875,53.255859375,-63.521484375,
1749734864.6552827,2025-06-12 20:27:44.655,32.07017701500584,-1.180341418457031,-4.352658618164062,19.59893479003906,20.541984732824428,68.53435114503817,7.099236641221374,6.2138671875,52.7197265625,-64.3798828125,
1749734864.6708634,2025-06-12 20:27:44.670,31.01587444214814,7.228094812011718,1.898601916503906,7.465120776367187,5.0458015267175576,-55.06870229007634,-5.816793893129771,6.9240234375,53.4345703125,-64.0365234375,
1749734864.6845567,2025-06-12 20:27:44.684,31.782639949681013,-10.900800158691405,0.44053310546874996,1.446097802734375,7.1603053435114505,-13.427480916030534,-10.900763358778626,7.6341796875,52.7197265625,-63.0064453125,
1749734864.6981316,2025-06-12 20:27:44.698,31.782639949681013,-8.226476904296874,0.3112462158203125,15.95495986328125,25.801526717557252,21.83206106870229,0.09923664122137404,7.4566406249999995,50.396484375,-63.521484375,
1749734864.7111146,2025-06-12 20:27:44.711,31.159642974810556,9.466673364257812,5.212177014160156,5.073313317871094,10.396946564885496,-71.8473282442748,2.2519083969465647,6.5689453124999995,53.7919921875,-64.3798828125,
1749734864.7240593,2025-06-12 20:27:44.724,32.40563692455147,11.664550488281249,1.6903063720703124,9.26316622314453,-17.137404580152673,-11.885496183206106,-6.847328244274809,6.39140625,53.61328125,-64.5515625,
1749734864.7369442,2025-06-12 20:27:44.736,31.83056279390182,-2.925714428710937,4.680664245605469,19.49598411865234,8.16030534351145,-36.19083969465649,-5.595419847328245,7.279101562499999,51.6474609375,-63.693164062499996,82.53228832816883
1749734864.7537298,2025-06-12 20:27:44.753,31.974331326564233,-19.201497314453125,4.546588952636719,4.714183068847656,21.35114503816794,21.717557251908396,-9.450381679389313,7.279101562499999,51.2900390625,-64.0365234375,
1749734864.7667174,2025-06-12 20:27:44.766,32.40563692455147,19.54147395019531,-3.746925598144531,9.65282254333496,4.67175572519084,79.09923664122137,-4.732824427480916,7.6341796875,52.0048828125,-63.0064453125,
1749734864.7813597,2025-06-12 20:27:44.781,31.01587444214814,-14.353238952636717,0.40462008056640625,8.382100012207031,26.366412213740457,-21.52671755725191,-0.44274809160305345,7.1015625,52.18359375,-63.178124999999994,
1749734864.7943604,2025-06-12 20:27:44.794,31.926408482343426,-13.220781567382812,3.0909143432617188,-7.685387329101562,-15.458015267175572,-54.908396946564885,5.4961832061068705,7.6341796875,52.3623046875,-63.3498046875,
1749734864.8075118,2025-06-12 20:27:44.807,31.974331326564233,3.2225954345703123,-7.807491613769531,11.233594189453123,13.396946564885496,25.15267175572519,-11.603053435114504,6.2138671875,53.0771484375,-64.0365234375,
1749734864.821204,2025-06-12 20:27:44.821,31.20756581903136,-7.541735229492187,-8.17141026611328,6.349422802734375,13.450381679389313,-80.2824427480916,0.5038167938931297,8.166796875,53.255859375,-63.86484375,
1749734864.8347752,2025-06-12 20:27:44.834,31.063797286368946,-3.787627026367187,5.123591552734375,4.8698061767578125,4.709923664122138,72.25190839694656,1.8015267175572518,6.746484375,53.255859375,-63.178124999999994,
1749734864.8483553,2025-06-12 20:27:44.848,32.40563692455147,-4.328716601562499,-4.467580297851562,11.882422839355469,5.854961832061068,-85.61832061068702,-9.702290076335878,8.3443359375,51.6474609375,-63.3498046875,
1749734864.862174,2025-06-12 20:27:44.862,30.96795159792734,11.911153259277343,-2.7246014892578123,14.142549206542968,6.587786259541985,22.076335877862597,-9.755725190839694,6.746484375,54.328125,-63.521484375,
1749734864.8759646,2025-06-12 20:27:44.875,30.96795159792734,0.7062894897460937,-2.6048914062499997,5.820304235839844,-5.3816793893129775,-55.18320610687023,-0.11450381679389313,6.746484375,52.8984375,-62.49140625,83.18624754674558
1749734864.8947034,2025-06-12 20:27:44.894,31.6388714170186,-8.48505068359375,-4.627991809082031,17.561469177246092,12.13740458015267,-2.267175572519084,13.541984732824428,7.9892578125,51.6474609375,-63.3498046875,
1749734864.9085455,2025-06-12 20:27:44.908,31.543025728576993,0.8547299926757812,2.6192566162109374,10.151415039062499,8.557251908396946,-14.732824427480915,-1.900763358778626,7.279101562499999,52.7197265625,-64.3798828125,
1749734864.9220111,2025-06-12 20:27:44.922,32.21394554766825,-1.7717092285156248,3.1507693847656246,5.197811804199218,1.1068702290076335,18.061068702290076,-1.4580152671755726,7.81171875,52.8984375,-64.894921875,
1749734864.936051,2025-06-12 20:27:44.936,32.40563692455147,-5.523423229980469,-0.8643067993164062,12.164938635253906,19.114503816793892,-30.87786259541985,0.7709923664122137,8.3443359375,52.0048828125,-64.72324218749999,
1749734864.950067,2025-06-12 20:27:44.950,31.6388714170186,-9.062053283691405,0.7254431030273437,10.228029492187499,8.389312977099237,3.351145038167939,-0.7557251908396947,6.9240234375,54.5068359375,-63.0064453125,
1749734864.9637566,2025-06-12 20:27:44.963,31.73471710546021,1.4772224243164063,-3.833116857910156,11.145008728027342,-6.770992366412214,-7.396946564885496,-5.587786259541985,7.9892578125,52.0048828125,-64.0365234375,
1749734864.9778187,2025-06-12 20:27:44.977,32.02225417078503,-5.856217260742187,-4.92247861328125,6.9910688476562495,10.282442748091603,-28.64885496183206,0.7862595419847328,6.9240234375,50.9326171875,-64.0365234375,
1749734864.9913683,2025-06-12 20:27:44.991,31.83056279390182,-3.852270471191406,-0.229843359375,11.372457885742186,-3.2061068702290076,-12.877862595419847,-4.1603053435114505,7.279101562499999,53.0771484375,-63.3498046875,
1749734865.006687,2025-06-12 20:27:45.006,31.73471710546021,-2.5067291381835934,-2.39420166015625,19.15301473083496,-3.2519083969465647,-68.40458015267176,-4.480916030534351,6.746484375,52.8984375,-64.5515625,
1749734865.0203302,2025-06-12 20:27:45.020,31.01587444214814,6.672640026855468,6.524199523925781,11.975796704101562,17.80916030534351,69.00763358778626,10.98473282442748,7.4566406249999995,52.18359375,-63.521484375,
1749734865.034115,2025-06-12 20:27:45.034,31.01587444214814,-7.283161450195312,2.446874096679687,-5.054159704589844,17.557251908396946,-47.534351145038165,-8.274809160305344,6.746484375,53.970703125,-63.521484375,
1749734865.0476706,2025-06-12 20:27:45.047,31.73471710546021,-0.18435352783203124,-5.197811804199218,19.61270144958496,16.954198473282442,8.893129770992367,-10.030534351145038,6.2138671875,52.0048828125,-63.0064453125,83.31082758545796
1749734865.0649736,2025-06-12 20:27:45.064,31.83056279390182,0.5674257934570313,5.058948107910156,4.338293408203125,-1.7099236641221374,-20.16793893129771,-4.534351145038168,6.39140625,51.111328125,-63.86484375,
1749734865.0784404,2025-06-12 20:27:45.078,32.30979123610986,1.0773907470703123,-4.3239281982421875,14.681244580078124,-20.16030534351145,-37.23664122137404,5.847328244274809,6.9240234375,53.7919921875,-63.693164062499996,
1749734865.0929317,2025-06-12 20:27:45.092,32.30979123610986,-8.468291271972657,4.4005426513671875,19.302053784179687,24.82442748091603,60.83206106870229,4.465648854961832,6.746484375,51.111328125,-63.178124999999994,
1749734865.107809,2025-06-12 20:27:45.107,30.96795159792734,-19.6133,2.389413256835937,-1.209071838378906,-4.2748091603053435,-49.81679389312977,2.5267175572519083,7.6341796875,52.3623046875,-62.6630859375,
1749734865.1239138,2025-06-12 20:27:45.123,31.83056279390182,-13.184868542480467,-5.116408947753906,17.317260607910157,16.442748091603054,44.51145038167939,13.366412213740459,8.3443359375,52.0048828125,-63.3498046875,
1749734865.1389039,2025-06-12 20:27:45.138,31.782639949681013,12.059593762207031,7.316680273437499,17.329231616210937,0.7938931297709924,13.183206106870228,0.8244274809160306,7.279101562499999,52.3623046875,-62.6630859375,
1749734865.1529226,2025-06-12 20:27:45.152,31.447180040135382,-12.440271826171875,-4.963180041503906,-0.0047884033203125,5.198473282442748,3.450381679389313,3.0381679389312977,9.587109374999999,52.541015625,-63.521484375,
1749734865.1665897,2025-06-12 20:27:45.166,30.96795159792734,-19.546262353515623,-7.663839514160156,19.61270144958496,28.977099236641223,32.12213740458015,7.801526717557252,7.4566406249999995,50.396484375,-63.521484375,
1749734865.180412,2025-06-12 20:27:45.180,32.40563692455147,17.8894748046875,5.810727429199218,16.80250725097656,-13.320610687022901,78.51908396946565,-4.305343511450381,4.7935546874999995,53.4345703125,-63.3498046875,
1749734865.1943223,2025-06-12 20:27:45.194,30.96795159792734,-12.849680310058593,5.1331683593749995,5.3007624755859375,5.786259541984733,-50.87786259541985,-4.435114503816794,7.9892578125,51.6474609375,-64.72324218749999,
1749734865.2079344,2025-06-12 20:27:45.207,31.159642974810556,12.854468713378905,-0.7709329345703124,19.61270144958496,21.748091603053435,-67.74045801526718,6.862595419847328,7.6341796875,52.0048828125,-63.3498046875,81.20670806169014
1749734865.2267337,2025-06-12 20:27:45.226,31.01587444214814,-8.760383874511719,0.737414111328125,7.819462622070312,-1.5954198473282444,-9.473282442748092,3.6259541984732824,6.39140625,52.8984375,-63.521484375,
1749734865.2407753,2025-06-12 20:27:45.240,31.20756581903136,-12.85207451171875,-4.359841223144531,12.066776367187499,11.778625954198473,13.244274809160306,3.2977099236641223,8.3443359375,51.2900390625,-63.3498046875,
1749734865.2559729,2025-06-12 20:27:45.255,31.447180040135382,-3.019088293457031,1.4221557861328125,10.321403356933594,12.725190839694656,41.42748091603053,-12.83969465648855,6.9240234375,52.7197265625,-64.0365234375,
